1 0 0 0 0 0 0 0 0	 ! https://schism-dev.github.io/schism/master/input-output/optional-inputs.html#stationin-bp-format
420	 ! number of stations
1 -65.8927146814 -47.7615068436 0 	!	 dese 2474653.0000000000 -65.9150000000 -47.7540000000 1.0000000000 1863.3141804969
2 -65.0185148806 -42.7764999019 0 	!	 madry 2951529.0000000000 -65.0310000000 -42.7630000000 1.0000000000 1814.3792992330
3 147.5086109760 -42.8847640017 0 	!	 bapj 1778043.0000000000 147.3380000000 -42.8920000000 6.0000000000 13923.0105638958
4 122.2183457184 -17.9859354853 0 	!	 brom 612416.0000000000 122.2190000000 -18.0010000000 3.0000000000 1676.5261355332
5 145.9060267815 -41.0451967829 0 	!	 barn 1680683.0000000000 145.9150000000 -41.0500000000 4.0000000000 922.7637268631
6 117.9506713347 -14.8956039656 0 	!	 djve 1087697.0000000000 117.9420000000 -15.0230000000 5764.0000000000 14196.3879949895
7 130.8261257002 -12.4438015422 0 	!	 bork 1108347.0000000000 6.7494440000 53.5575000000 1.0000000000 3806.3107175263
8 150.9056337100 -34.4702955787 0 	!	 darw 2976265.0000000000 130.8460000000 -12.4720000000 -0.0000000000 714.3200060296
9 114.2030812004 -21.8315146765 0 	!	 boul 2471618.0000000000 1.5774600000 50.7275000000 17.0000000000 2039.6292944665
10 150.8047397629 -23.1529956883 0 	!	 pkem 1969658.0000000000 150.9120000000 -34.4740000000 1.0000000000 1750.1491247951
11 147.9512201867 -42.5572902334 0 	!	 pmur 2375971.0000000000 114.1910000000 -21.8170000000 17.0000000000 1950.2766686903
12 133.6491538393 -32.1573109392 0 	!	 ross 2579658.0000000000 150.7900000000 -23.1610000000 1.0000000000 1201.3524328711
13 142.1780885993 -10.5828890093 0 	!	 sprg 2389036.0000000000 147.9330000000 -42.5460000000 1.0000000000 4812.0965346456
14 2.9065712782 51.2358451071 0 	!	 thev 2541742.0000000000 133.6410000000 -32.1490000000 2.0000000000 1437.0167379771
15 -48.6040581914 -1.3810220825 0 	!	 trst 3020333.0000000000 142.2220000000 -10.5860000000 1.0000000000 13793.4574185242
16 -125.1857254715 48.8678864722 0 	!	 oste 2197506.0000000000 2.9270000000 51.2340000000 -0.0000000000 4561.5021072110
17 -52.6754576563 47.5728671971 0 	!	 bele 2680568.0000000000 -48.4960000000 -1.4420000000 126.0000000000 3356.7383737177
18 -123.2503364770 49.2831049459 0 	!	 bamf 946497.0000000000 -125.1400000000 48.8400000000 1.0000000000 9671.5626547833
19 -70.1949327320 -52.6420640989 0 	!	 stjo 2317560.0000000000 -52.7200000000 47.5700000000 27.0000000000 1156.0359968103
20 -57.9256218293 -63.3070116395 0 	!	 vhbc 899364.0000000000 -123.1170000000 49.2830000000 36.0000000000 1982.7226931617
21 -70.8569997637 -27.0479689752 0 	!	 greg 2196886.0000000000 -70.2090000000 -52.6480000000 73.0000000000 3691.5586235623
22 -71.3581280631 -29.9396600274 0 	!	 ohig3 2689200.0000000000 -57.9010000000 -63.3210000000 4.0000000000 2507.5412923301
23 -73.4044637448 -39.8618911269 0 	!	 cald 553002.0000000000 -70.8250000000 -27.0650000000 -0.0000000000 3390.2400606410
24 -71.5496449772 -32.1480162946 0 	!	 coqu 182015.0000000000 -71.3350000000 -29.9500000000 -0.0000000000 2358.7179394722
25 -71.6042725389 -30.2940312386 0 	!	 corr 2550516.0000000000 -73.4270000000 -39.8870000000 20.0000000000 423.1940558195
26 -73.5697804034 -45.2172103630 0 	!	 pich 2940587.0000000000 -71.5290000000 -32.1360000000 1.0000000000 64848.6513839539
27 -67.2949225396 -54.9297347368 0 	!	 ptal 2292946.0000000000 -71.6080000000 -30.2920000000 1.0000000000 20196.7567520474
28 -71.5426330267 -32.7819941778 0 	!	 pcha 2804112.0000000000 -72.8200000000 -45.4670000000 10.0000000000 1822.7441601501
29 -73.0533803668 -36.6311182582 0 	!	 pwil 1402927.0000000000 -67.6110000000 -54.9330000000 22.0000000000 631.6453028016
30 -73.1016080226 -36.6863685338 0 	!	 qtro 537878.0000000000 -71.5250000000 -32.7750000000 7.0000000000 1673.4077704439
31 178.4277097599 -18.1386269826 0 	!	 quir 1688753.0000000000 -73.0570000000 -36.6360000000 29.0000000000 646.8238003570
32 -1.6063382852 49.6489542542 0 	!	 talc 747905.0000000000 -73.1060000000 -36.7010000000 17.0000000000 1707.4772558998
33 45.2434486694 -12.7780293625 0 	!	 viti 848100.0000000000 178.4240000000 -18.1340000000 7.0000000000 1671.9461630243
34 -2.2957831111 47.0093205653 0 	!	 cher 1519029.0000000000 -1.6300000000 49.6500000000 -0.0000000000 1870.6331927215
35 167.8646840207 -21.5345884736 0 	!	 dzao 1158992.0000000000 45.2580000000 -12.7830000000 129.0000000000 1961.2691731836
36 -140.0975708626 -8.9356786710 0 	!	 herb 809691.0000000000 -2.2990000000 47.0260000000 308.0000000000 2682.1502735330
37 -2.8206491755 48.6390334882 0 	!	 mare 2686882.0000000000 167.8770000000 -21.5480000000 6.0000000000 1001.9580606103
38 -2.8206491755 48.6390334882 0 	!	 nuku 2686882.0000000000 -140.0850000000 -8.9150000000 6.0000000000 1001.9580606103
39 -149.4828130764 -23.3314875686 0 	!	 stqy 2884687.0000000000 -2.8220000000 48.6480000000 224.0000000000 1360.2425635892
40 8.7024162572 53.8805901180 0 	!	 stqy2 1311328.0000000000 -2.8220000000 48.6480000000 -0.0000000000 1695.2621930183
41 7.8930715803 54.1780879880 0 	!	 tubua 1517575.0000000000 -149.4760000000 -23.3420000000 -0.0000000000 268.4788284608
42 8.2967721526 54.7539646759 0 	!	 cuxh 2032674.0000000000 8.7170000000 53.8680000000 1.0000000000 448.9456847853
43 22.4118972247 38.4076513490 0 	!	 helg 1099747.0000000000 7.8910000000 54.1760000000 14.0000000000 2583.3739632646
44 12.5813644555 35.4976867074 0 	!	 horn 1321610.0000000000 8.2970000000 54.7580000000 24.0000000000 2065.2055341454
45 131.4139218534 31.5887292407 0 	!	 itea 1854768.0000000000 22.4200000000 38.4300000000 26.0000000000 1039.3086788890
46 139.9248778076 40.6747765781 0 	!	 LA23 1645613.0000000000 12.6040000000 35.5000000000 37.0000000000 2788.7012475865
47 132.0696428403 34.9114310172 0 	!	 abur 1414813.0000000000 131.4100000000 31.5800000000 19.0000000000 1271.4883262698
48 145.5631794886 43.2636104425 0 	!	 fuka 1901409.0000000000 139.9300000000 40.6500000000 12.0000000000 1904.2584269138
49 124.1799634606 24.3210356512 0 	!	 hmda 734964.0000000000 132.0700000000 34.9000000000 13.0000000000 2255.0258962829
50 135.7629596463 33.4793369154 0 	!	 hana 2619211.0000000000 145.5700000000 43.2800000000 11.0000000000 657.1118013655
51 144.3573658359 42.9791999823 0 	!	 ishig 820858.0000000000 124.1600000000 24.3300000000 9.0000000000 1031.6295321149
52 129.9180583643 32.6924393368 0 	!	 kusm 310595.0000000000 135.7700000000 33.4800000000 42.0000000000 6941.4028292511
53 127.6714042786 26.2231418513 0 	!	 kush 886431.0000000000 144.3700000000 42.9800000000 21.0000000000 1468.0063769411
54 138.2106543477 34.6202193493 0 	!	 naga 1812027.0000000000 129.8700000000 32.7400000000 4.0000000000 1422.2170662920
55 138.5197746071 38.3298700369 0 	!	 naha 2938217.0000000000 127.6700000000 26.2100000000 8.0000000000 1097.6741354125
56 133.3407302818 36.1926667977 0 	!	 omae 2031092.0000000000 138.2200000000 34.6100000000 25.0000000000 1261.7544044655
57 132.9802064772 32.7973131818 0 	!	 sado 1256811.0000000000 138.5200000000 38.3200000000 56.0000000000 2697.0359884475
58 141.6969512903 45.4014617999 0 	!	 saig 2399339.0000000000 133.3300000000 36.2000000000 10.0000000000 1093.5551381622
59 -171.7256823376 -2.8128967995 0 	!	 tosa 896745.0000000000 132.9600000000 32.7800000000 682.0000000000 1574.1471682281
60 -96.1249597331 15.7335194410 0 	!	 waka 346283.0000000000 141.6900000000 45.4100000000 361.0000000000 2020.8825842747
61 171.4457788283 -41.8938966011 0 	!	 kant 271015.0000000000 -171.7180000000 -2.8010000000 1.0000000000 1405.3647079204
62 16.1035009443 69.3168861526 0 	!	 huat 1499359.0000000000 -96.1170000000 15.7500000000 6.0000000000 1598.9871364707
63 25.9873809618 70.9536951478 0 	!	 chst 1209776.0000000000 171.4340000000 -41.9030000000 123.0000000000 2971.0900157819
64 4.9835577879 61.9616487987 0 	!	 ande 2993464.0000000000 16.1350000000 69.3260000000 5.0000000000 7670.8535950018
65 11.0427530482 64.8221566330 0 	!	 honn 1431892.0000000000 25.9730000000 70.9800000000 19.0000000000 9753.8420384683
66 7.6356865102 57.9767425677 0 	!	 malo 1026591.0000000000 5.1170000000 61.9330000000 31.0000000000 5761.8587286880
67 31.0910845265 70.3812227158 0 	!	 rorv 1992565.0000000000 11.2300000000 64.8590000000 1.0000000000 843.4205234526
68 125.6918991889 7.1882006625 0 	!	 treg 1796763.0000000000 7.5550000000 58.0060000000 5.0000000000 4962.6258031556
69 -176.2222173521 -9.4684171341 0 	!	 vard 1865758.0000000000 31.1040000000 70.3750000000 4801.0000000000 6146.9106490657
70 -17.8960290281 27.7799797915 0 	!	 davo 1399541.0000000000 125.6630000000 7.1540000000 1227.0000000000 738.1602873004
71 -13.8585971784 28.4796324258 0 	!	 dapi 2026527.0000000000 -176.2470000000 -9.5180000000 314.0000000000 1487.5518212095
72 -8.3805238837 43.4040012105 0 	!	 hie2 81718.0000000000 -17.9020000000 27.7840000000 -0.0000000000 4405.1046288902
73 16.9674559476 58.4795202107 0 	!	 fue2 1072365.0000000000 -13.8580000000 28.4930000000 3.0000000000 623.6734218076
74 18.2149199687 60.4026395439 0 	!	 coru 291740.0000000000 -8.4000000000 43.3670000000 3.0000000000 739.2838292096
75 21.2943983799 64.8947534181 0 	!	 arko 3026775.0000000000 16.9610000000 58.4840000000 21.0000000000 3810.5816137053
76 11.7263984790 57.6327918985 0 	!	 fors 2808334.0000000000 18.2110000000 60.4090000000 -0.0000000000 6995.0239950176
77 20.3859888529 63.6695431616 0 	!	 furu 81387.0000000000 21.2310000000 64.9160000000 9.0000000000 3514.0894379665
78 23.1739315762 65.6957066379 0 	!	 gokr 249588.0000000000 11.7710000000 57.6910000000 8.0000000000 3569.4179785041
79 14.8650229947 56.1560158027 0 	!	 holm 353297.0000000000 20.3470000000 63.6960000000 14.0000000000 2735.5334390073
80 12.9131098499 55.5292329787 0 	!	 kalit 327696.0000000000 23.0960000000 65.6970000000 1.0000000000 1446.9071442718
81 15.5958663264 56.0803309719 0 	!	 karl 692306.0000000000 14.8210000000 56.1540000000 24.0000000000 2775.9403758414
82 11.0464329217 58.9867505186 0 	!	 klag 1267115.0000000000 12.8940000000 55.5220000000 77.0000000000 4753.7733601647
83 17.8660529910 58.7751253040 0 	!	 kung 2929135.0000000000 15.5890000000 56.1050000000 30.0000000000 793.2332593686
84 17.0811147685 57.3706449908 0 	!	 kungr 829895.0000000000 11.1270000000 58.9970000000 24.0000000000 1083.5117868381
85 16.4900315166 57.2857657853 0 	!	 land 1441135.0000000000 17.8590000000 58.7690000000 5.0000000000 1398.5653813603
86 17.1149850022 58.6476937051 0 	!	 olan 1409789.0000000000 17.0970000000 57.3660000000 25.0000000000 1692.9817649966
87 20.9150046180 64.0057184717 0 	!	 oska 1648917.0000000000 16.4780000000 57.2750000000 11.0000000000 2399.7094398162
88 16.6813951232 57.4117867803 0 	!	 oxel 971108.0000000000 17.1250000000 58.6620000000 7.0000000000 379.3143616975
89 14.3634910796 55.5429549161 0 	!	 rata 1625420.0000000000 20.8950000000 63.9860000000 20.0000000000 1599.4804306953
90 11.2005696093 58.3431302226 0 	!	 simp 2159521.0000000000 16.6760000000 57.4100000000 8.0000000000 1579.6428100199
91 17.4975903570 62.3543284433 0 	!	 simr 1392179.0000000000 14.3580000000 55.5570000000 15.0000000000 1974.9018502699
92 18.2915956577 57.6442636473 0 	!	 smog 504101.0000000000 11.2180000000 58.3540000000 31.0000000000 739.5308129978
93 39.1896432654 -6.1552334261 0 	!	 spik 2519014.0000000000 17.5310000000 62.3630000000 1.0000000000 937.0425621098
94 -175.1930368861 -21.1335925119 0 	!	 visb 1897175.0000000000 18.2840000000 57.6390000000 -0.0000000000 573.1778504835
95 26.8150163508 40.6272836970 0 	!	 zanz 1905078.0000000000 39.1830000000 -6.1500000000 19.0000000000 482835.0902270167
96 30.5984381792 36.8158003329 0 	!	 nkfa 1671376.0000000000 -175.1970000000 -21.1300000000 142.0000000000 2593.2332139898
97 26.7770975457 40.6526448869 0 	!	 amas 142595.0000000000 32.3920000000 41.7440000000 14.0000000000 172504.0662640366
98 26.8150163508 40.6272836970 0 	!	 anta 1905078.0000000000 30.6130000000 36.8360000000 19.0000000000 242304.1081851134
99 -2.0464618098 57.1249802456 0 	!	 igne 962967.0000000000 28.0240000000 41.8890000000 24.0000000000 2623.9968649481
100 -5.6947143885 54.6690855376 0 	!	 sile 2785619.0000000000 29.6040000000 41.1800000000 9.0000000000 1883.3083115332
101 1.3289589649 52.9272546631 0 	!	 abed 645325.0000000000 -2.0800000000 57.1400000000 4.0000000000 1964.9578814872
102 1.3284751810 51.1011408942 0 	!	 bang 1906817.0000000000 -5.6700000000 54.6600000000 25.0000000000 1149.1428611087
103 1.3007126806 51.9430631673 0 	!	 crom 852349.0000000000 1.3000000000 52.9300000000 2.0000000000 1064.9356216015
104 -2.9126658308 54.0396198008 0 	!	 dove 2487484.0000000000 1.3200000000 51.1100000000 1.0000000000 1172.0045161748
105 -4.6316006010 53.3199967522 0 	!	 harw 1583509.0000000000 1.2900000000 51.9500000000 1.0000000000 1352.5854520635
106 -4.1223224901 51.2139648317 0 	!	 heys 1915669.0000000000 -2.9200000000 54.0300000000 19.0000000000 964.9493428543
107 -5.1484067552 58.4625818320 0 	!	 holy2 1326689.0000000000 -4.6200000000 53.3100000000 36.0000000000 5730.8494875241
108 -3.1515379211 55.9808412814 0 	!	 ilfa 1767623.0000000000 -4.1100000000 51.2100000000 9.0000000000 2042.4353451989
109 -1.0715559810 60.1844151066 0 	!	 kinl 911596.0000000000 -5.0500000000 58.4600000000 60.0000000000 5215.4349256152
110 -3.0433678233 53.4700534146 0 	!	 leit 145025.0000000000 -3.1800000000 55.9900000000 1.0000000000 2713.9441688538
111 1.7674192838 52.4690690207 0 	!	 lerw2 2468071.0000000000 -1.1450000000 60.1550000000 13.0000000000 1184.4811844120
112 -5.1245180909 51.6560113452 0 	!	 live 1572124.0000000000 -3.0200000000 53.4500000000 22.0000000000 7901.4204271557
113 -4.9579530997 55.7450645812 0 	!	 lowe 1464580.0000000000 1.7500000000 52.4700000000 1.0000000000 3050.9092008807
114 -4.0024739827 51.5610360121 0 	!	 mhav 538167.0000000000 -5.0500000000 51.7100000000 -0.0000000000 1845.7061190076
115 0.0343174361 50.7785256856 0 	!	 mill 1557490.0000000000 -4.9100000000 55.7500000000 21.0000000000 1813.1580229682
116 -5.5380199183 50.0750423420 0 	!	 mumb 2041063.0000000000 -3.9800000000 51.5700000000 29.0000000000 3128.9864433119
117 -2.9839023844 51.5462789552 0 	!	 nhav 522653.0000000000 0.0600000000 50.7800000000 1.0000000000 590.7397968478
118 -1.4231468465 55.0275957199 0 	!	 newl2 2191573.0000000000 -5.5430000000 50.1030000000 3.0000000000 2232.1239962509
119 -4.2266759572 50.3239687186 0 	!	 npor 455794.0000000000 -2.9900000000 51.5500000000 40.0000000000 5742.0512144049
120 -5.1119615545 54.8299391415 0 	!	 nshi 1384546.0000000000 -1.4400000000 55.0100000000 20.0000000000 1231.4764626147
121 -6.6977957548 55.2308491189 0 	!	 plym 176230.0000000000 -4.1900000000 50.3700000000 14.0000000000 3334.9156878862
122 -1.0644212385 50.7768434325 0 	!	 porp 2166894.0000000000 -5.1200000000 54.8400000000 8.0000000000 4110.4352245644
123 0.7232169561 51.4611167716 0 	!	 prus 1070416.0000000000 -6.6600000000 55.2100000000 12.0000000000 1697.1338971579
124 -6.3268358817 58.1723858287 0 	!	 ptmt 973984.0000000000 -1.1100000000 50.8000000000 41.0000000000 5585.5348283849
125 -0.5827346616 54.4855987113 0 	!	 shee 534774.0000000000 0.7400000000 51.4500000000 34.0000000000 1827.8189989974
126 -3.0861062182 58.4068286190 0 	!	 stor 1533136.0000000000 -6.3900000000 58.2100000000 39.0000000000 3695.4505214879
127 -3.5855963262 54.6548279901 0 	!	 whit 2171702.0000000000 -0.6100000000 54.4900000000 5.0000000000 1137.9129409758
128 -122.3232352021 37.8319833978 0 	!	 wick 2856802.0000000000 -3.0900000000 58.4400000000 2.0000000000 7028.6971541979
129 -123.7170516756 38.9140962971 0 	!	 work 1301819.0000000000 -3.5700000000 54.6500000000 32.0000000000 1049.8146808161
130 -123.7659375543 46.2150753865 0 	!	 alam 940543.0000000000 -122.2980000000 37.7720000000 7.0000000000 790.9831236990
131 -174.1246409831 52.1986313639 0 	!	 aren 607836.0000000000 -123.7050000000 38.9130000000 34.0000000000 4962.0418030198
132 -74.4102481571 39.3729424866 0 	!	 asto 1727855.0000000000 -123.7670000000 46.2080000000 -0.0000000000 2103.4697446531
133 -76.4441213016 39.1871021317 0 	!	 atka 279123.0000000000 -174.1730000000 52.2320000000 5.0000000000 14557.2529944337
134 -68.1495682789 44.3437034578 0 	!	 acnj 2254562.0000000000 -74.4180000000 39.3550000000 59.0000000000 6946.6058812781
135 -76.6878751209 34.6893827625 0 	!	 bamd 2646251.0000000000 -76.5780000000 39.2670000000 3.0000000000 3776.3095565746
136 -70.9655339219 42.3608642719 0 	!	 bame 1584341.0000000000 -68.2050000000 44.3920000000 11.0000000000 7134.5640137565
137 -73.1726468697 41.1660350780 0 	!	 benc 2376314.0000000000 -76.6700000000 34.7200000000 6.0000000000 1101.2326671436
138 -64.9097892359 18.3110249560 0 	!	 boma 1007291.0000000000 -71.0520000000 42.3550000000 21.0000000000 2875.5411358867
139 -122.7724618250 48.8540400052 0 	!	 bgct 1200187.0000000000 -73.1820000000 41.1730000000 41.0000000000 1453.2613212143
140 -82.8309457036 27.9633278721 0 	!	 amal 2829577.0000000000 -64.9200000000 18.3350000000 1.0000000000 1634.7483237144
141 -124.1814564995 41.7430416289 0 	!	 chrp 2824016.0000000000 -122.7580000000 48.8630000000 29.0000000000 252.6232395851
142 153.9881921446 12.0260881689 0 	!	 cwfl 312680.0000000000 -82.8320000000 27.9780000000 5944.0000000000 14207.7194750942
143 171.9357662358 50.1106005999 0 	!	 cres 1381401.0000000000 -124.1830000000 41.7450000000 4854.0000000000 5464.6795253221
144 -75.7524637283 36.1912089985 0 	!	 dkwa 1252515.0000000000 153.9070000000 11.9260000000 6.0000000000 1036.1639801605
145 -166.5033497005 53.9241347763 0 	!	 datu 1178870.0000000000 171.8970000000 50.1530000000 1.0000000000 4969.3225685374
146 -136.3559074525 58.1993511769 0 	!	 dpnc 1261519.0000000000 -75.7470000000 36.1830000000 59.0000000000 1034.8296278137
147 -122.4840534374 37.8027206156 0 	!	 dutc 2901453.0000000000 -166.5330000000 53.8830000000 15.0000000000 1740.2678030496
148 144.6460575208 13.4528761059 0 	!	 elak 2995309.0000000000 -136.3430000000 58.1930000000 59.0000000000 1774.6040649117
149 -155.0487227101 19.7375421100 0 	!	 fpnt 121833.0000000000 -122.4650000000 37.8070000000 23.0000000000 1094.4937594763
150 -156.4806398322 20.9048734157 0 	!	 guam 1097833.0000000000 144.6520000000 13.4380000000 24.0000000000 1178.8215056513
151 -155.8408661922 20.0453414096 0 	!	 hilo 2821719.0000000000 -155.0580000000 19.7330000000 1.0000000000 1391.6694792706
152 -81.8085419136 24.5297144974 0 	!	 kahu 2230557.0000000000 -156.4720000000 20.8980000000 10.0000000000 2589.8099039197
153 -117.2552237222 32.8794635255 0 	!	 kawa 2669184.0000000000 -155.8320000000 20.0360000000 138.0000000000 1409.9253465990
154 -64.7623448157 17.6935483229 0 	!	 kwfl 1833670.0000000000 -81.8080000000 24.5530000000 -0.0000000000 898.6206176546
155 144.7865687668 13.4203724920 0 	!	 lajo 2774447.0000000000 -117.2580000000 32.8670000000 390.0000000000 1411.4525063755
156 -120.7740985361 35.1621234431 0 	!	 lime 1065443.0000000000 -64.7540000000 17.6950000000 26.0000000000 2026.1489357578
157 -160.4647709439 55.3515988750 0 	!	 pagb 2918763.0000000000 144.7970000000 13.4280000000 2.0000000000 2859.4590010279
158 -135.3634945115 57.0431972271 0 	!	 pslu 2367501.0000000000 -120.7530000000 35.1680000000 1.0000000000 1627.3494197135
159 -124.1356888927 46.8969244953 0 	!	 sdpt 2852885.0000000000 -160.5020000000 55.3370000000 3.0000000000 2307.7445394420
160 -70.6879998867 41.5176629795 0 	!	 sitk 2450370.0000000000 -135.3420000000 57.0520000000 25.0000000000 1458.2690516248
161 -139.7575041227 59.4993058097 0 	!	 wpwa 1375010.0000000000 -124.1100000000 46.9080000000 49.0000000000 5561.2991061926
162 79.8529893384 6.9461734019 0 	!	 wood 510233.0000000000 -70.6720000000 41.5230000000 16.0000000000 663.1696616294
163 -177.7970479576 -36.0644689437 0 	!	 yaku 1769096.0000000000 -139.7350000000 59.5480000000 5802.0000000000 8187.5779961374
164 -130.4461942788 54.3320229471 0 	!	 colo 74736.0000000000 79.8500000000 6.9410000000 2.0000000000 8542.9265530455
165 144.2806072235 44.0247266972 0 	!	 dnze 2269385.0000000000 -177.7080000000 -36.0490000000 13.0000000000 916.6594922518
166 -89.8377180390 13.5701359897 0 	!	 prin2 2746534.0000000000 -130.3170000000 54.3170000000 9.0000000000 408.9377541903
167 -99.9228904646 16.8436445908 0 	!	 abas 2681197.0000000000 144.2900000000 44.0200000000 15.0000000000 2210.0747947232
168 -176.5665247525 51.8746284075 0 	!	 acaj 1715196.0000000000 -89.8381280000 13.5737920000 -0.0000000000 4677.7164957581
169 -176.5665247525 51.8746284075 0 	!	 acap2 1715196.0000000000 -99.9030000000 16.8379333000 -0.0000000000 4677.7164957581
170 8.7464370839 41.8958568426 0 	!	 adak 1822061.0000000000 -176.6320000000 51.8630000000 282.0000000000 2909.7748592214
171 -0.4814324246 38.3377408388 0 	!	 adak2 1807930.0000000000 -176.6320000000 51.8630000000 9.0000000000 127.7150091354
172 -154.3039208193 56.8815719511 0 	!	 ajac 1521821.0000000000 8.7600000000 41.9200000000 4.0000000000 3825.3139870628
173 -2.4922780804 36.8244055337 0 	!	 alac2 1757699.0000000000 -0.4813889000 38.3388889000 80.0000000000 1388.0024622294
174 13.5236165641 43.6264137360 0 	!	 alak2 676756.0000000000 -154.2481000000 56.8975000000 8.0000000000 1388.5020173288
175 -149.8981238684 61.2378547227 0 	!	 alme 2044225.0000000000 -2.4783500000 36.8300200000 1.0000000000 541.9087982942
176 -70.4041726806 -23.6376814165 0 	!	 AN15 1793796.0000000000 13.5065166667 43.6247666667 30.0000000000 1839.0450883718
177 -84.9877308799 29.7130859940 0 	!	 anch2 1369653.0000000000 -149.8880000000 61.2380000000 -0.0000000000 1643.1675172312
178 -91.3518867591 29.4376361393 0 	!	 anto2 1254106.0000000000 -70.4046243600 -23.6542151700 2.0000000000 1884.6782935940
179 -66.7130581995 18.4739572330 0 	!	 apfl 1086048.0000000000 -84.9820000000 29.7270000000 19.0000000000 1338.9409082569
180 -1.1882473506 44.6664394034 0 	!	 apla 203847.0000000000 -91.3381000000 29.4496000000 3.0000000000 1959.7141062191
181 -70.3383459848 -18.4562413642 0 	!	 aracS 2941140.0000000000 -66.7024000000 18.4805000000 6.0000000000 2696.5536085855
182 35.8930915405 36.4206364163 0 	!	 arca 99205.0000000000 -1.1635500000 44.6650000000 6.0000000000 902.6384756727
183 -4.5484481917 48.0086537442 0 	!	 aric2 2995461.0000000000 -70.3232305000 -18.4758000000 7.0000000000 1665.0327764589
184 12.6128497797 41.4486503789 0 	!	 arsu 1040495.0000000000 35.8851900000 36.4155900000 22.0000000000 1840.0798015778
185 16.8584924226 41.1339222809 0 	!	 audi 2058776.0000000000 -4.5372000000 48.0216000000 8.0000000000 941.7791163094
186 2.1548104528 41.3214035717 0 	!	 AZ42 417526.0000000000 12.6347972222 41.4468583333 105.0000000000 2440.3527763411
187 115.2264628873 -8.7754954173 0 	!	 BA05 839911.0000000000 16.8660333333 41.1402055556 11.0000000000 1467.3648764650
188 -3.0547899811 43.3788950892 0 	!	 barc 1781110.0000000000 2.1657000000 41.3417700000 3.0000000000 3141.4619109944
189 57.7172349489 -20.4347700630 0 	!	 beno 1939947.0000000000 115.2166000000 -8.7666000000 144.0000000000 1229.9694343251
190 -6.3781970556 36.7785609791 0 	!	 bil3 234591.0000000000 -3.0451300000 43.3515300000 1.0000000000 4432.2723546779
191 6.7432233715 53.5406933387 0 	!	 blueb 1235813.0000000000 57.7109500000 -20.4441333300 2.0000000000 1913.4686862661
192 1.5798697561 50.7308786453 0 	!	 bon2 386482.0000000000 -6.3381300000 36.8022100000 9.0000000000 412.2005978457
193 32.9361257376 36.0910443172 0 	!	 djve 2863683.0000000000 117.9420000000 -15.0230000000 15.0000000000 848.3004161995
194 -4.6091301294 48.3340775502 0 	!	 bork 1934651.0000000000 6.7494440000 53.5575000000 23.0000000000 9544.2371590774
195 -158.1285465169 21.3346481480 0 	!	 darw 265478.0000000000 130.8460000000 -12.4720000000 32.0000000000 1719.9769234989
196 -74.0595978095 40.5900242756 0 	!	 boul 1766.0000000000 1.5774600000 50.7275000000 7.0000000000 12676.8920579525
197 -69.0125542711 12.1699369940 0 	!	 bozy 2085577.0000000000 32.9413108826 36.0974197388 439.0000000000 2080.7357024863
198 9.1102935340 39.2101598399 0 	!	 bres 139195.0000000000 -4.5000000000 48.3800000000 5.0000000000 336.6369892614
199 -77.1784259154 -12.0767074207 0 	!	 brpt 2585812.0000000000 -158.1193000000 21.3218000000 20.0000000000 1527.2754094536
200 -1.8977156947 36.9762615525 0 	!	 btny2 1364966.0000000000 -74.0200000000 40.7000000000 17.0000000000 274.4018408215
201 -9.4288659414 38.6852156713 0 	!	 bull 510792.0000000000 -69.0196139000 12.1873306000 31.0000000000 1466.0054387024
202 -76.2050085717 38.6490257963 0 	!	 CA02 281348.0000000000 9.1142000000 39.2101000000 1.0000000000 14560.0579044869
203 9.3475947337 42.9681894625 0 	!	 call 299831.0000000000 -77.1668000000 -12.0690000000 109.0000000000 252.0372866489
204 15.9210471108 39.5251707121 0 	!	 carb 40524.0000000000 -1.8995900000 36.9743000000 92.0000000000 193.0567758689
205 8.3112748559 39.1446071659 0 	!	 casc 1519458.0000000000 -9.4153840000 38.6931580000 2.0000000000 295.8134592469
206 142.1818648104 27.0856214106 0 	!	 cbmd 2848780.0000000000 -76.0683000000 38.5733000000 -0.0000000000 941.0977231488
207 105.6678799673 -10.4260016842 0 	!	 cent 2202462.0000000000 9.3501460000 42.9669040000 10.0000000000 408.5408852700
208 91.7617888872 22.3286989313 0 	!	 CETR 2625413.0000000000 15.9201710000 39.5267700000 5.0000000000 6521.7270007069
209 151.8950116130 7.4522900206 0 	!	 CF06 480042.0000000000 8.3081000000 39.1436000000 1.0000000000 388.3735351913
210 11.7784905311 42.1006021671 0 	!	 chij 1357297.0000000000 142.1900000000 27.0900000000 30.0000000000 1180.2995030835
211 108.9846436824 -7.7772683149 0 	!	 chrs 963396.0000000000 105.6693000000 -10.4294000000 15.0000000000 3472.1925937762
212 -74.9640254340 38.9826986026 0 	!	 chtt 1958202.0000000000 91.8250000000 22.3333000000 7.0000000000 1638.4303832966
213 96.8833978136 -12.1063937905 0 	!	 chuu 1660804.0000000000 151.8982417000 7.4536833000 2.0000000000 1472.3268923256
214 76.2401892779 9.9404911260 0 	!	 CI20 2655934.0000000000 11.7896472222 42.0939583333 5.0000000000 3068.1396471703
215 -3.9106654326 47.8639101276 0 	!	 cili 1834053.0000000000 109.0000000000 -7.7500000000 1.0000000000 1115.8291942853
216 -145.7188968613 60.4685310210 0 	!	 cmnj 2892276.0000000000 -74.9600000000 38.9683000000 4.0000000000 10122.0846285842
217 -93.3307902449 29.7631168330 0 	!	 cocb 2679739.0000000000 96.8919000000 -12.1167000000 5.0000000000 1298.3711777230
218 17.1372327870 39.0678259469 0 	!	 coch 1430476.0000000000 76.2600000000 9.9600000000 6.0000000000 1751.8993567013
219 15.0881089499 37.4822528486 0 	!	 conc 2355867.0000000000 -3.9073800000 47.8737000000 5.0000000000 1821.5735392763
220 -67.1889839988 44.6555824244 0 	!	 cord 234999.0000000000 -145.7530000000 60.5580000000 78.0000000000 1666.6750909819
221 -17.4197603701 14.6801317054 0 	!	 cpla 2585569.0000000000 -93.3429000000 29.7682000000 7.0000000000 460.1471938631
222 -169.9236978791 49.5444133348 0 	!	 CR08 2727819.0000000000 17.1370555556 39.0835805556 5406.0000000000 13654.8299625264
223 158.2118982753 6.9714122144 0 	!	 CT03 767324.0000000000 15.0938000000 37.4980000000 107.0000000000 1655.1295751119
224 6.9672466034 53.3256097415 0 	!	 cwme 1356969.0000000000 -67.2100000000 44.6566670000 3.0000000000 2279.1125933839
225 4.6981257458 52.9645305871 0 	!	 dakar 2550515.0000000000 -17.4200000000 14.6760000000 2.0000000000 3035.2762813724
226 1.0762979429 49.9322520998 0 	!	 dchu 1252125.0000000000 -169.8717000000 49.6625000000 3.0000000000 671.3235944083
227 1.0762979429 49.9322520998 0 	!	 deke 1252125.0000000000 158.2001000000 6.9806000000 3.0000000000 671.3235944083
228 -148.6056791893 55.2565734010 0 	!	 delf 320668.0000000000 6.9329699417 53.3266112653 4189.0000000000 6908.3723973781
229 -129.6550611549 48.7973897842 0 	!	 denh 1126363.0000000000 4.7434234427 52.9636753352 2834.0000000000 2972.2348265203
230 -156.7772894707 52.7111875764 0 	!	 diep 2030126.0000000000 1.0850000000 49.9300000000 4548.0000000000 5325.2911515645
231 2.3656089573 51.0539165343 0 	!	 diep2 2759841.0000000000 1.0850000000 49.9300000000 5.0000000000 652.3379364837
232 -109.4498232052 -27.1588707852 0 	!	 dkod 995284.0000000000 -148.5500000000 55.3100000000 2.0000000000 1121.6260913487
233 -78.9314858892 9.5620656724 0 	!	 dsea 2422678.0000000000 -129.6219000000 48.8128000000 3.0000000000 1985.5464904620
234 -66.9212956661 44.8719875727 0 	!	 dshu 1146772.0000000000 -156.7783000000 52.6633000000 17.0000000000 6108.1823688103
235 34.2628187296 36.5487561453 0 	!	 dunk 1760305.0000000000 2.3666980000 51.0480900000 102.0000000000 1792.3419582501
236 121.8948985618 -33.8827205242 0 	!	 east2 1590461.0000000000 -109.4394260000 -27.1548500000 -0.0000000000 1315.1972575474
237 3.2836398768 51.9912153374 0 	!	 elpo 2715770.0000000000 -78.9491800000 9.5582700000 22.0000000000 946.3017152350
238 -65.6298501820 18.3390586357 0 	!	 epme 2293185.0000000000 -66.9850000000 44.9033000000 13.0000000000 621.1424017419
239 -81.4298426306 30.6581362522 0 	!	 erdem 664797.0000000000 34.2553871900 36.5637289200 5.0000000000 3699.1771340012
240 147.0597600644 -19.2612532828 0 	!	 espe 209750.0000000000 121.8954000000 -33.8709000000 5.0000000000 1790.0154230126
241 6.9381246334 43.4819339421 0 	!	 euro 2943934.0000000000 3.2746870029 51.9976988652 533.0000000000 393.9329001268
242 -81.9403177221 26.4410466893 0 	!	 faja 1559498.0000000000 -65.6311000000 18.3336000000 3.0000000000 24264.5806758475
243 179.1957671607 -8.4853562418 0 	!	 fbfl 961574.0000000000 -81.4650000000 30.6720000000 5.0000000000 1997.5326594031
244 -38.4643471272 -3.7147479762 0 	!	 ferg 779235.0000000000 147.0584000000 -19.2773000000 1.0000000000 337.1633828651
245 -80.8718577341 32.0495225152 0 	!	 figu 407569.0000000000 6.9337670000 43.4835320000 8.0000000000 3383.3707762630
246 -166.2834465071 23.8640380315 0 	!	 fmfl 732785.0000000000 -81.8700000000 26.6500000000 17.0000000000 332.4707948983
247 -61.0605502057 14.5871871838 0 	!	 fong 1636681.0000000000 179.1949000000 -8.5033000000 -0.0000000000 1637.6915728064
248 13.5931457934 41.2110397305 0 	!	 fort 1815372.0000000000 -38.4667000000 -3.7166666670 29.0000000000 308.1141269067
249 -134.9759245360 -23.1351493007 0 	!	 fpga 2698591.0000000000 -80.9020000000 32.0330000000 34.0000000000 2061.6869862601
250 -0.1492683861 38.9917769687 0 	!	 fren 1350092.0000000000 -166.2830000000 23.8670000000 3.0000000000 423.4871217485
251 73.1628340833 -0.6893757641 0 	!	 ftfr 2325172.0000000000 -61.0633330000 14.6016670000 177.0000000000 1214.1361167261
252 72.3898127580 -7.2872518763 0 	!	 GA37 1640465.0000000000 13.5897361111 41.2099916667 15.0000000000 564.2376189573
253 8.9104734127 44.3951903030 0 	!	 gamb 376600.0000000000 -134.9688880000 -23.1177740000 91.0000000000 2042.9391635707
254 15.1963940521 38.7768774924 0 	!	 gand 2095609.0000000000 -0.1513900000 38.9952100000 780.0000000000 839.9998320199
255 -5.3620588271 36.1610644385 0 	!	 ganm 1482505.0000000000 73.1520278000 -0.6878056000 184.0000000000 1467.6353781466
256 -5.6966555614 43.5552050628 0 	!	 garc 2588083.0000000000 72.3938750000 -7.2903361000 10.0000000000 342.5115891381
257 -89.9639925814 29.2670308553 0 	!	 GE25 1882124.0000000000 8.9255000000 44.4101000000 -0.0000000000 820.0717520768
258 25.8771827635 40.2322855616 0 	!	 GI20 102438.0000000000 15.1932720000 38.7840290000 23.0000000000 1398.0498168796
259 -94.7706259227 29.3011548032 0 	!	 gibr3 2844890.0000000000 -5.3650130000 36.1480830000 10.0000000000 2382.0229835747
260 140.7274730368 41.7566083767 0 	!	 gij2 644121.0000000000 -5.6983500000 43.5580300000 62.0000000000 2673.8494473250
261 73.1640957527 6.7821203930 0 	!	 gila 2969071.0000000000 -89.9567000000 29.2633000000 5.0000000000 1738.6145645298
262 5.4081421826 53.1675783347 0 	!	 gokc 1992987.0000000000 25.8936100006 40.2313919067 9.0000000000 907.8003904197
263 115.7401658110 -31.8419517052 0 	!	 gptx 2908344.0000000000 -94.7930000000 29.3100000000 2.0000000000 1835.3168570392
264 -139.0185267177 -9.8142962104 0 	!	 hako 2648374.0000000000 140.7200000000 41.7800000000 130.0000000000 2037.1783375200
265 4.1214598149 51.9991459329 0 	!	 hani 2248980.0000000000 73.1667000000 6.7667000000 6.0000000000 2413.9662031660
266 -1.1564265453 46.0042193353 0 	!	 harl 1559048.0000000000 5.4109729078 53.1755641043 2.0000000000 1420.5425659842
267 25.7453557282 35.0076986407 0 	!	 hill 659840.0000000000 115.7386000000 -31.8255000000 22.0000000000 761.1665272138
268 15.5111663388 42.1035736862 0 	!	 hiva 2606580.0000000000 -139.0344690000 -9.8048690000 31.0000000000 1877.2374331244
269 168.6022694864 -43.9651988772 0 	!	 hoek 135641.0000000000 4.1194910666 51.9774704941 1.0000000000 1427.0697360428
270 -2.1228164941 49.1885692478 0 	!	 iaix 2069239.0000000000 -1.1742400000 46.0074000000 5.0000000000 974.5971628015
271 -169.5367864266 16.7404222061 0 	!	 iera 975319.0000000000 25.7385292053 35.0037498474 1.0000000000 1444.7540347070
272 -78.8122568918 -33.6227081710 0 	!	 IT45 577557.0000000000 15.5015666667 42.1188805556 10.0000000000 2202.8545680749
273 22.1246197433 37.0218724078 0 	!	 jack 948253.0000000000 168.6161000000 -43.9733000000 36.0000000000 1313.2926441788
274 154.8075328816 1.0872395725 0 	!	 jers 259368.0000000000 -2.1200000000 49.1800000000 9.0000000000 1036.3152545923
275 66.9689400029 24.7943277658 0 	!	 john 2233495.0000000000 -169.5233000000 16.7390000000 4.0000000000 2026.2372317057
276 21.3086916236 37.6285305227 0 	!	 juan 948933.0000000000 -78.8298810000 -33.6360170000 86.0000000000 1618.1143240708
277 70.2393908727 -49.3656607309 0 	!	 kala 2259187.0000000000 22.1098330000 37.0215330000 1.0000000000 2692.6551232041
278 70.2393908727 -49.3656607309 0 	!	 kapi 2259187.0000000000 154.8066861000 1.0779583000 1.0000000000 2692.6551232041
279 10.2626744699 54.5119274440 0 	!	 kara 415768.0000000000 66.9750000000 24.8117000000 16.0000000000 1564.2697220680
280 -152.4109214739 57.7187634958 0 	!	 kata 231351.0000000000 21.3192330000 37.6404500000 17.0000000000 6171.6052229871
281 167.7479406180 8.7446707161 0 	!	 kerg 1268970.0000000000 70.2200000000 -49.3450000000 1130.0000000000 1381.3595106346
282 9.9033213583 44.0768686331 0 	!	 kerg2 1432974.0000000000 70.2200000000 -49.3450000000 5.0000000000 4260.1779306413
283 -80.9214376743 -2.2135103833 0 	!	 kiel 2322015.0000000000 10.2747220000 54.4997220000 4.0000000000 1734.5929610577
284 -64.7345435275 18.3118084384 0 	!	 kodi2 236277.0000000000 -152.5120000000 57.7317000000 23.0000000000 1302.8125134722
285 40.9012496160 -2.3014649441 0 	!	 kwaj 436686.0000000000 167.7383000000 8.7367000000 1.0000000000 3868.1779151049
286 -1.2044642078 46.1443706870 0 	!	 LA38 422112.0000000000 9.8576000000 44.0966000000 3.0000000000 2005.7173030608
287 -4.7860190610 48.3587943170 0 	!	 lali 790004.0000000000 -80.9064000000 -2.2177000000 12.0000000000 464.4818555869
288 -2.9083257423 47.5340256990 0 	!	 lame2 799119.0000000000 -64.7242000000 18.3182000000 8.0000000000 1381.5166490658
289 123.7628622533 13.1429118597 0 	!	 lamu 206787.0000000000 40.9000000000 -2.2667000000 5.0000000000 631.5350710997
290 0.0939366392 49.4767902744 0 	!	 larp 2982368.0000000000 -1.2206500000 46.1585000000 8.0000000000 1039.7713089142
291 116.0584878363 -8.6905618340 0 	!	 leco 2112933.0000000000 -4.7800000000 48.3600000000 12.0000000000 4734.1741848521
292 -1.8007787098 46.4851683533 0 	!	 lecy 2556662.0000000000 -2.8951500000 47.5427000000 18.0000000000 1473.5699661970
293 177.4368998811 -17.6163387715 0 	!	 lega 2478819.0000000000 123.7581170000 13.1462140000 6.0000000000 1280.5600367191
294 10.3051946652 43.5644423220 0 	!	 leha 1359010.0000000000 0.1059900000 49.4819000000 5.0000000000 2073.2927388816
295 -67.0461170498 17.9468831033 0 	!	 lemba 908125.0000000000 116.0722500000 -8.7309055560 19.0000000000 2581.7746149230
296 37.8582367436 -46.8599314970 0 	!	 leso 1331937.0000000000 -1.7937300000 46.4975000000 34.0000000000 990.1860287802
297 -4.4280711481 36.7045567579 0 	!	 levu 69483.0000000000 177.4383000000 -17.6049000000 -0.0000000000 1270.4809387605
298 134.4280164920 7.3196326177 0 	!	 LI11 727505.0000000000 10.2993388889 43.5462861111 10.0000000000 2625.4978086985
299 73.5392438175 4.1810851273 0 	!	 magi 1436133.0000000000 -67.0464000000 17.9701000000 871.0000000000 1712.0839976120
300 120.9527223090 14.5735341117 0 	!	 mais 16099.0000000000 37.8667000000 -46.8667000000 7.0000000000 2248.4723533465
301 5.3568213785 43.3087201434 0 	!	 mal3 1387239.0000000000 -4.4170900000 36.7118400000 59.0000000000 1961.0132371503
302 171.3701182409 7.0934598313 0 	!	 mala 802231.0000000000 134.4502000000 7.3282000000 435.0000000000 1429.8819383755
303 -72.1118537775 -16.9951436495 0 	!	 Male2 1438930.0000000000 73.5251889000 4.1874556000 15.0000000000 717.7384728633
304 -67.1631920944 18.2118979213 0 	!	 mani 1752391.0000000000 120.9716000000 14.5822000000 8.0000000000 785.6328758545
305 10.2338030857 42.7268544373 0 	!	 mars 451361.0000000000 5.3558000000 43.2911000000 93.0000000000 1793.1218606043
306 15.5702719614 38.1835240517 0 	!	 marsh 394396.0000000000 171.3725000000 7.1061000000 297.0000000000 1538.9722443265
307 26.7304655413 38.4335314630 0 	!	 mata 2884357.0000000000 -72.1088000000 -17.0009000000 1.0000000000 1368.1774635054
308 139.8266904739 34.9058094920 0 	!	 maya 2477466.0000000000 -67.1588000000 18.2176000000 28.0000000000 1606.5096610861
309 -177.3585814451 28.2108803517 0 	!	 MC41 1841860.0000000000 10.2383333333 42.7426333333 709.0000000000 500.1553996497
310 153.9731793902 24.2960925728 0 	!	 ME13 1817826.0000000000 15.5635000000 38.1963000000 -0.0000000000 1629.6322621513
311 -104.3401634029 19.0631555306 0 	!	 ment 372038.0000000000 26.7166423798 38.4276885986 87.0000000000 4175.0981452439
312 -67.9423344012 18.0969122245 0 	!	 mera 1305178.0000000000 139.8300000000 34.9200000000 17.0000000000 878.9700012015
313 7.4297021982 43.7380920638 0 	!	 midx 2587250.0000000000 -177.3560000000 28.2070000000 228.0000000000 1234.3049676061
314 -71.9608358449 41.0465327633 0 	!	 mins 2246741.0000000000 153.9783000000 24.2822000000 1.0000000000 208.6346058194
315 -3.5388555732 36.7193692648 0 	!	 mnza 455071.0000000000 -104.3005333000 19.0605500000 12.0000000000 1363.1782460728
316 28.4189712820 36.8098091970 0 	!	 mona2 2447880.0000000000 -67.9383000000 18.0900000000 5.0000000000 4364.1112008420
317 14.2687463293 40.8368678250 0 	!	 monc 63769.0000000000 7.4215800000 43.7286700000 109.0000000000 317.2276652704
318 -61.4246267722 56.5832087861 0 	!	 mony 1700774.0000000000 -71.9600000000 41.0483000000 1.0000000000 16075.2368397050
319 166.9025799166 -0.5271368972 0 	!	 motr 616841.0000000000 -3.5236000000 36.7202400000 1987.0000000000 906.8279258885
320 -159.3472899372 21.9439784948 0 	!	 mrms 1144170.0000000000 28.3848457336 36.8379898071 442.0000000000 1953.1491068590
321 -165.4681774567 64.5003609830 0 	!	 NA23 1947416.0000000000 14.2692000000 40.8397000000 2.0000000000 1828.0083085183
322 -51.9466672960 64.0982106669 0 	!	 nain 1890870.0000000000 -61.6800000000 56.5500000000 200.0000000000 13680.4001586987
323 166.4197159408 -22.2260214540 0 	!	 nauu 970709.0000000000 166.9092000000 -0.5319000000 1.0000000000 2435.9359588050
324 141.7667108592 39.0011464378 0 	!	 nawi 2509087.0000000000 -159.3600000000 21.9570000000 102.0000000000 2545.5206488228
325 14.4131022588 42.3527966664 0 	!	 nome 319416.0000000000 -165.4300000000 64.5000000000 6.0000000000 374.1193490742
326 18.5080320972 40.1461983821 0 	!	 nuk1 996549.0000000000 -51.7198130000 64.1713012000 -0.0000000000 946.4657013960
327 -0.2271825082 49.2739837902 0 	!	 numb2 80417.0000000000 166.4116000000 -22.2466000000 1.0000000000 1693.9067037363
328 13.3860928380 38.1106245850 0 	!	 ofun 1675401.0000000000 141.7500000000 39.0200000000 4.0000000000 1763.6339402350
329 -134.6248016320 56.2509906515 0 	!	 OR24 1390601.0000000000 14.4148611111 42.3559000000 46.0000000000 1434.5100314988
330 -134.6248016320 56.2509906515 0 	!	 OT15 1390601.0000000000 18.4969000000 40.1464000000 46.0000000000 1434.5100314988
331 -170.7030582978 -14.2964602488 0 	!	 ouis 2543036.0000000000 -0.2490300000 49.2793600000 34.0000000000 2578.8031137379
332 2.6125944309 39.5468663899 0 	!	 PA07 2641841.0000000000 13.3713000000 38.1214000000 18.0000000000 2594.9556821898
333 -22.9839308407 16.7478940129 0 	!	 paak 1118345.0000000000 -134.6467000000 56.2467000000 68.0000000000 792.9995720526
334 -149.5722595067 -17.5385522446 0 	!	 paak2 2079998.0000000000 -134.6467000000 56.2467000000 267.0000000000 694.1060834324
335 -25.6869644369 37.7276966825 0 	!	 pago 948852.0000000000 -170.6907000000 -14.2766000000 7.0000000000 663.8852504965
336 13.5129784376 37.2869009778 0 	!	 palm 787178.0000000000 2.6374800000 39.5601500000 4.0000000000 1232.8596338845
337 23.6213628632 37.9376281859 0 	!	 palm1 1041951.0000000000 -22.9833000000 16.7550000000 82.0000000000 322.1840330555
338 -158.0542866437 -8.9976604408 0 	!	 pape2 1038881.0000000000 -149.5731650000 -17.5323700000 2067.0000000000 517.8673412951
339 15.2987131208 40.0268405609 0 	!	 pdas 549026.0000000000 -25.6800000000 37.7300000000 78.0000000000 2023.2330906998
340 -57.5402247419 -37.9744371829 0 	!	 PE09 1004155.0000000000 13.5268400000 37.2857600000 11.0000000000 2863.4105076806
341 -162.0852442530 5.9096652718 0 	!	 peir 282605.0000000000 23.6212170000 37.9347330000 139.0000000000 2249.0560805173
342 -72.9521923713 -41.4781594995 0 	!	 penr 425571.0000000000 -158.0510000000 -9.0010000000 92.0000000000 1043.0982639465
343 -87.2043643989 30.3180941832 0 	!	 PL14 1688436.0000000000 15.2752916667 40.0299111111 7.0000000000 9469.4774922564
344 12.9681645318 40.8880584736 0 	!	 plat2 2625848.0000000000 -57.5385055600 -38.0001527800 192.0000000000 820.7022997023
345 141.6164708309 -38.3359053197 0 	!	 plmy 1838166.0000000000 -162.0900000000 5.8900000000 5.0000000000 880.8424911366
346 -1.0547097885 45.5514247098 0 	!	 pmon2 2816646.0000000000 -72.9608580000 -41.4849310000 1.0000000000 1972.3762992473
347 -61.7530502867 11.9925826061 0 	!	 pnfl 2905111.0000000000 -87.2120000000 30.4030000000 10.0000000000 1915.6528504964
348 -148.5447448870 70.3823164611 0 	!	 PO40 2941272.0000000000 12.9655888889 40.8951777778 1.0000000000 1442.7284750627
349 -89.3995886214 28.9139207846 0 	!	 porl 1643795.0000000000 141.6132000000 -38.3434000000 23.0000000000 2094.6112211702
350 8.4168434248 40.8447425259 0 	!	 port 1438671.0000000000 -1.0615700000 45.5685000000 3.0000000000 1124.8926883508
351 92.7372954222 11.6806021659 0 	!	 pric 455811.0000000000 -61.7648280000 12.0053920000 51.0000000000 2473.2614682897
352 3.0581016448 42.9946992449 0 	!	 prud 398873.0000000000 -148.5100000000 70.3880000000 26.0000000000 2342.8483463472
353 -70.2065468660 43.6191702253 0 	!	 psla 2239223.0000000000 -89.4067000000 28.9317000000 15.0000000000 5264.1595542542
354 -70.6888631745 19.8030213227 0 	!	 PT17 686077.0000000000 8.4039000000 40.8422000000 19.0000000000 1453.6314894332
355 3.1269958477 42.5230683345 0 	!	 ptbl 2482638.0000000000 92.7600000000 11.6800000000 45.0000000000 1645.1295855226
356 -46.2584270327 60.6415524833 0 	!	 ptln 758298.0000000000 3.0372000000 43.0092000000 328.0000000000 14816.0301604203
357 114.2581435973 22.2167162664 0 	!	 ptme 2868931.0000000000 -70.2466000000 43.6566000000 4.0000000000 9470.8879673974
358 -84.1708740814 9.4303379879 0 	!	 ptpl 1424325.0000000000 -70.7020110000 19.7987940000 22.0000000000 543.0175557671
359 12.2879568341 44.4965813820 0 	!	 ptve 59573.0000000000 3.1073300000 42.5201000000 2.0000000000 640.0595804419
360 -159.7784198089 -21.1977625815 0 	!	 qaqo 823383.0000000000 -46.0350000000 60.7176000000 12.0000000000 536.0599657205
361 15.6378725514 38.1104514122 0 	!	 quar 283903.0000000000 114.2133333000 22.2911111000 877.0000000000 1582.2096157699
362 -3.9776351036 48.7271672288 0 	!	 quepo 2365450.0000000000 -84.1702000000 9.4255000000 5.0000000000 1300.1271569320
363 -61.4014123237 15.3112719451 0 	!	 RA10 1640478.0000000000 12.2829361111 44.4920750000 286.0000000000 1342.4951075304
364 14.7563072258 40.6726686110 0 	!	 raro 2185195.0000000000 -159.7830000000 -21.2000000000 37.0000000000 638.6245104948
365 95.3439365596 5.7929238089 0 	!	 RC09 470452.0000000000 15.6489166667 38.1217194444 438.0000000000 4641.2562579757
366 -0.1966858381 39.6280911651 0 	!	 rosc 1313984.0000000000 -3.9655555556 48.7186111111 15.0000000000 1043.8122212841
367 -2.2091219211 47.2272187798 0 	!	 rose 624005.0000000000 -61.3891833000 15.3138500000 1.0000000000 3709.5769106437
368 145.7292269287 15.2250964153 0 	!	 SA16 424878.0000000000 14.7508388889 40.6766416667 4.0000000000 1338.0155047575
369 54.0211482642 16.9314445398 0 	!	 saba 2997062.0000000000 95.3333000000 5.8333000000 20.0000000000 1586.9547648115
370 -38.5297771452 -12.9763581789 0 	!	 sagu 2225853.0000000000 -0.2062400000 39.6339200000 1.0000000000 1739.3009155668
371 -3.7749989184 43.4739274786 0 	!	 sain 452141.0000000000 -2.2000000000 47.2600000000 6.0000000000 1894.5596040483
372 -81.6960734300 12.5932085240 0 	!	 saip 2796863.0000000000 145.7416000000 15.2266000000 22.0000000000 2702.2508715449
373 -80.1023877623 -26.2895443587 0 	!	 sala 1130928.0000000000 54.0067000000 16.9350000000 80.0000000000 682.1597781344
374 -66.1187207198 18.4696831445 0 	!	 salv 2303671.0000000000 -38.5166670000 -12.9673330000 74.0000000000 912.9114194031
375 13.0908733646 37.5002176678 0 	!	 san2 1925104.0000000000 -3.7907600000 43.4613000000 1.0000000000 1359.7007697714
376 -1.6793046708 43.3938848508 0 	!	 sana 1737245.0000000000 -81.7014920000 12.5694890000 7.0000000000 237.4506265789
377 3.7004652447 43.3962940700 0 	!	 sanf3 157843.0000000000 -80.1085480000 -26.2922150000 14.0000000000 181.8694351103
378 -149.2074316880 59.9739782859 0 	!	 sanj 256271.0000000000 -66.1167000000 18.4617000000 21.0000000000 20214.8347172901
379 19.0463033003 63.1991306398 0 	!	 SC43 2015232.0000000000 13.0764555556 37.5045416667 3.0000000000 1944.7984350004
380 17.6056168171 42.7759105127 0 	!	 scoa 1954064.0000000000 -1.6816200000 43.3952000000 1.0000000000 2233.5520104069
381 9.4047247187 41.8349564800 0 	!	 sete 1205699.0000000000 3.6991100000 43.3976000000 18.0000000000 2563.7479201127
382 159.9403394608 -9.4252423027 0 	!	 sewa 3009500.0000000000 -149.4270000000 60.1190000000 26.0000000000 1712.0210718100
383 16.5578671693 43.1394121867 0 	!	 skagk 1829693.0000000000 19.0125000000 63.1905560000 10.0000000000 4852.6064896861
384 -5.7169105430 -15.9150717490 0 	!	 sobr 1744753.0000000000 17.6200000000 42.7930000000 108.0000000000 415.4266611131
385 18.6243409444 59.0626826364 0 	!	 sole 548246.0000000000 9.3738000000 41.8358000000 5.0000000000 42419.9982216824
386 -2.0195278057 48.6564369916 0 	!	 solo 756381.0000000000 159.9555000000 -9.4289000000 1.0000000000 1763.2947390314
387 120.2397108205 14.7593322959 0 	!	 stari 1524355.0000000000 16.5760000000 43.1810000000 13.0000000000 7915.3959798683
388 39.5315588669 -68.9938320306 0 	!	 sthl2 1726147.0000000000 -5.7143940000 -15.9179180000 304.0000000000 2187.4924655418
389 24.9678111079 37.4189104458 0 	!	 sthm 339332.0000000000 18.0819440000 59.3241670000 4.0000000000 3173.1387310455
390 -81.2789794858 -4.5654520592 0 	!	 stma 1796938.0000000000 -2.0280000000 48.6416000000 7.0000000000 1376.4145442203
391 172.9217414213 1.3602463153 0 	!	 subi 1421319.0000000000 120.2833000000 14.8167000000 1272.0000000000 951.6409698105
392 17.1767951208 40.4844382869 0 	!	 syow 915326.0000000000 39.5702780000 -69.0077780000 5.0000000000 3890.2346916183
393 1.2176058131 41.0668383945 0 	!	 syro 126185.0000000000 24.9411000000 37.4380000000 73.0000000000 1397.5161691970
394 33.8610006314 36.2716703753 0 	!	 tala 2378726.0000000000 -81.2798500000 -4.5778000000 19.0000000000 2473.3454699715
395 5.3177077508 53.4148037274 0 	!	 tara 4434.0000000000 172.9300000000 1.3625000000 1.0000000000 1760.7029404590
396 -1.7294789229 4.8861535646 0 	!	 tara1 1137412.0000000000 17.2214000000 40.4759000000 14.0000000000 1774.0413378185
397 5.9313021307 43.0693491822 0 	!	 tarr 800518.0000000000 1.2132500000 41.0789700000 498.0000000000 5525.2454731680
398 137.2264899836 36.7658202027 0 	!	 tasu 298106.0000000000 33.8362274170 36.2814636230 123.0000000000 867.7975060278
399 13.7561913985 45.6335148089 0 	!	 ters 1733038.0000000000 5.3328043352 53.4278341365 1.0000000000 2322.3381613539
400 -3.4292773936 47.6447491459 0 	!	 tkdi 2801834.0000000000 -1.7449720000 4.8821230000 20.0000000000 1335.2082327139
401 -146.8502568361 60.9546219822 0 	!	 toul 2788739.0000000000 5.9130600000 43.1172200000 310.0000000000 32403.3423310455
402 -0.3007440293 39.4346649947 0 	!	 toya 407609.0000000000 137.2200000000 36.7600000000 6.0000000000 1220.3834774939
403 -71.6133418741 -33.0394072797 0 	!	 TR22 82843.0000000000 13.7561000000 45.6544000000 24.0000000000 1880.9186413646
404 168.3012217942 -17.7780797691 0 	!	 tudy 1291038.0000000000 -3.4470570000 47.6439130000 141.0000000000 2624.2412766361
405 12.4344291885 45.4301924317 0 	!	 vald2 1654554.0000000000 -146.3620000000 61.1250000000 4.0000000000 1467.2475567218
406 -64.2599593129 -65.2622544317 0 	!	 vale 2532842.0000000000 -0.3112800000 39.4420300000 119.0000000000 1440.5362402010
407 16.1663349624 41.8922805855 0 	!	 valp2 1285012.0000000000 -71.6278727500 -33.0276712800 5.0000000000 999.4024663436
408 -65.4759265280 18.0910216747 0 	!	 vanu 2293695.0000000000 168.3077000000 -17.7553000000 11.0000000000 575.6221573731
409 -8.8976603027 42.5737473956 0 	!	 VE19 1467635.0000000000 12.4265280000 45.4182190000 5.0000000000 10870.3377103715
410 83.3005214315 17.6751973481 0 	!	 vern 1506248.0000000000 -64.2700000000 -65.2500000000 15.0000000000 2238.7557116634
411 166.6006932974 19.2942383275 0 	!	 VI12 1404121.0000000000 16.1770111111 41.8880833333 969.0000000000 1876.4991904863
412 12.1126821101 54.1814600905 0 	!	 vieq 1548954.0000000000 -65.4714000000 18.0939000000 7.0000000000 1440.0762507430
413 174.8140403934 -41.3473072743 0 	!	 vil2 1058559.0000000000 -8.7700300000 42.6007100000 6.0000000000 7556.5998433944
414 -89.3066724013 30.3163961057 0 	!	 vish 1813286.0000000000 83.2800000000 17.6800000000 2.0000000000 2146.6485362202
415 -157.4845998595 1.9997911909 0 	!	 wake 1980033.0000000000 166.6180000000 19.2900000000 112.0000000000 2178.2739539776
416 -65.8182197057 18.0590360923 0 	!	 warn 2174253.0000000000 12.1033330000 54.1697220000 10.0000000000 1622.6881586749
417 174.8140403934 -41.3473072743 0 	!	 wlgt 1058559.0000000000 174.7790967000 -41.2846217000 6.0000000000 7556.5998433944
418 -89.3066724013 30.3163961057 0 	!	 wlms 1813286.0000000000 -89.3258000000 30.3264000000 2.0000000000 2146.6485362202
419 -157.4845998595 1.9997911909 0 	!	 xmas 1980033.0000000000 -157.4730000000 1.9840000000 112.0000000000 2178.2739539776
420 -65.8182197057 18.0590360923 0 	!	 yabu 2174253.0000000000 -65.8330000000 18.0551000000 10.0000000000 1622.6881586749
