1 420
0 31536000 400
-65.8481826782 -47.7680015564 1 dese
-65.0116195679 -42.7752418518 2 madry
147.3590393066 -42.9242782593 3 bapj
122.2135772705 -18.0011806488 4 brom
145.9219360352 -41.0657615662 5 barn
117.9148178101 -15.037229538 6 djve
130.8557739258 -12.4814901352 7 bork
150.8985137939 -34.4858016968 8 darw
114.1800689697 -21.8122692108 9 boul
150.7912750244 -23.160030365 10 pkem
147.9513549805 -42.5462188721 11 pmur
133.649597168 -32.1506004333 12 ross
142.2499389648 -10.5727901459 13 sprg
2.9413499832 51.2408714294 14 thev
-48.4945907593 -1.4381999969 15 trst
-125.1218032837 48.8295516968 16 oste
-52.6844482422 47.5744285583 17 bele
-123.1703262329 49.3096313477 18 bamf
-70.2011108398 -52.6356582642 19 stjo
-57.8947906494 -63.3124809265 20 vhbc
-70.8198776245 -27.0594501495 21 greg
-71.3371276855 -29.9350299835 22 ohig3
-73.4385223389 -39.8537101746 23 cald
-71.5178070068 -32.1385002136 24 coqu
-71.6100463867 -30.2813091278 25 corr
-73.0541915894 -45.3692703247 26 pich
-67.2727966309 -54.9110984802 27 ptal
-71.5403518677 -32.7849388123 28 pcha
-73.0393371582 -36.6389198303 29 pwil
-73.0829696655 -36.6933288574 30 qtro
178.4196929932 -18.1383304596 31 quir
-1.6514600515 49.650390625 32 talc
45.2561302185 -12.7893400192 33 viti
-2.3129899502 47.0238800049 34 cher
167.8659973145 -21.5587806702 35 dzao
-140.0627593994 -8.9327697754 36 herb
-2.8329899311 48.6599807739 37 mare
-2.8329899311 48.6599807739 38 nuku
-149.4757995605 -23.3348999023 39 stqy
8.7222299576 53.8728713989 40 stqy2
7.8783898354 54.1894187927 41 tubua
8.283080101 54.766960144 42 cuxh
22.4150009155 38.3886604309 43 helg
12.6164302826 35.5104293823 44 horn
131.4098052979 31.5818595886 45 itea
139.9380340576 40.6493301392 46 LA23
132.0793457031 34.9116210938 47 abur
145.5562438965 43.2635688782 48 fuka
124.1563415527 24.3167095184 49 hmda
135.7629394531 33.4769287109 50 hana
144.3675689697 42.9717102051 51 ishig
129.9283752441 32.7030792236 52 kusm
127.6566390991 26.2253303528 53 kush
138.2150421143 34.6170692444 54 naga
138.5052490234 38.3312988281 55 naha
133.3281555176 36.1971511841 56 omae
132.9747467041 32.783531189 57 sado
141.6832733154 45.413269043 58 saig
-171.7168121338 -2.8023099899 59 tosa
-96.1279067993 15.7470502853 60 waka
171.4483184814 -41.9073410034 61 kant
16.1789894104 69.3284225464 62 huat
25.9974098206 70.9780197144 63 chst
5.1301398277 61.9392089844 64 ande
11.2289896011 64.8406524658 65 honn
7.5674500465 58.0038490295 66 malo
31.0904197693 70.3826980591 67 rorv
125.6613082886 7.1745300293 68 treg
-176.2047119141 -9.5026197433 69 vard
-17.8957996368 27.7755794525 70 davo
-13.8530502319 28.496049881 71 dapi
-8.4114999771 43.3770217896 72 hie2
16.9346904755 58.4844512939 73 fue2
18.2278404236 60.4035110474 74 coru
21.2093791962 64.9229278564 75 arko
11.7723197937 57.686000824 76 fors
20.3788890839 63.6884117126 77 furu
23.126789093 65.6983032227 78 gokr
14.8442497253 56.1573104858 79 holm
12.8730096817 55.5216598511 80 kalit
15.6004896164 56.117389679 81 karl
11.1330299377 58.9925689697 82 klag
17.8509197235 58.7725791931 83 kung
17.0749092102 57.359210968 84 kungr
16.4852695465 57.2878913879 85 land
17.1357402802 58.6624183655 86 olan
20.9245796204 63.9850997925 87 oska
16.6674003601 57.4157600403 88 oxel
14.3525400162 55.5501785278 89 rata
11.22797966 58.3534507751 90 simp
17.547290802 62.3710899353 91 simr
18.2986392975 57.6286888123 92 smog
39.1820106506 -6.1584300995 93 spik
-175.1976470947 -21.1332702637 94 visb
32.3640518188 41.7486000061 95 zanz
30.627199173 36.8261985779 96 nkfa
28.0141391754 41.886341095 97 amas
29.620470047 41.1820793152 98 anta
-2.0790998936 57.1533203125 99 igne
-5.6596598625 54.6786994934 100 sile
1.2661499977 52.9379882812 101 abed
1.3256599903 51.1078109741 102 bang
1.2850899696 51.931060791 103 crom
-2.94562006 54.0319786072 104 dove
-4.599750042 53.3149490356 105 harw
-4.1136398315 51.2226600647 106 heys
-5.0685901642 58.4637794495 107 holy2
-3.1755599976 55.9861984253 108 ilfa
-1.128469944 60.1307907104 109 kinl
-3.0165998936 53.4356193542 110 leit
1.7709900141 52.460521698 111 lerw2
-5.0752601624 51.6978912354 112 live
-4.8978600502 55.7570304871 113 lowe
-3.9728600979 51.5735092163 114 mhav
0.0670699999 50.7736282349 115 mill
-5.5310997963 50.088760376 116 mumb
-2.980989933 51.5182685852 117 nhav
-1.4321899414 55.0206794739 118 newl2
-4.175260067 50.3264007568 119 npor
-5.1347799301 54.8295516968 120 nshi
-6.680729866 55.2056617737 121 plym
-1.124029994 50.7974395752 122 porp
0.7264900208 51.4589881897 123 prus
-6.3702101707 58.2000617981 124 ptmt
-0.6091099977 54.482711792 125 shee
-3.0643699169 58.4326095581 126 stor
-3.5884399414 54.6384315491 127 whit
-122.2899703979 37.7714118958 128 wick
-123.7069702148 38.9291305542 129 work
-123.7694778442 46.2000083923 130 alam
-174.17628479 52.2339706421 131 aren
-74.4058990479 39.3647117615 132 asto
-76.5353775024 39.2443809509 133 atka
-68.1848068237 44.3859291077 134 acnj
-76.6619186401 34.7097816467 135 bamd
-71.0482406616 42.3468017578 136 bame
-73.1761932373 41.1581115723 137 benc
-64.9314498901 18.330160141 138 boma
-122.751121521 48.8628311157 139 bgct
-82.8283920288 27.9854793549 140 amal
-124.2076416016 41.7465782166 141 chrp
153.8963928223 11.8559904099 142 cwfl
171.8903961182 50.150188446 143 cres
-75.7492980957 36.1712188721 144 dkwa
-166.5570220947 53.8719711304 145 datu
-136.3625946045 58.188659668 146 dpnc
-122.478729248 37.8198509216 147 dutc
144.6567840576 13.4261598587 148 elak
-155.0558624268 19.7456607819 149 fpnt
-156.4554901123 20.8952293396 150 guam
-155.8253173828 20.0193595886 151 hilo
-81.8041763306 24.5394592285 152 kahu
-117.264541626 32.8635215759 153 kawa
-64.7435302734 17.6987304688 154 kwfl
144.8074951172 13.4261198044 155 lajo
-120.7356491089 35.1683883667 156 lime
-160.4967346191 55.3303604126 157 pagb
-135.3439788818 57.0427589417 158 pslu
-124.1055297852 46.9120903015 159 sdpt
-70.6631164551 41.519908905 160 sitk
-139.745223999 59.5453414917 161 wpwa
79.8515930176 6.9367198944 162 wood
-177.6251373291 -36.0041389465 163 yaku
-130.342666626 54.2477493286 164 colo
144.2750854492 44.0117492676 165 dnze
-89.846031189 13.5596399307 166 prin2
-99.8894500732 16.8500804901 167 abas
-176.630279541 51.8653793335 168 acaj
-176.630279541 51.8653793335 169 acap2
8.7683000565 41.9225997925 170 adak
-0.4763500094 38.3484115601 171 adak2
-154.237487793 56.8802680969 172 ajac
-2.488699913 36.8257408142 173 alac2
13.4919099808 43.6240005493 174 alak2
-150.04296875 61.2067604065 175 alme
-70.4182128906 -23.6624298096 176 AN15
-84.980430603 29.72149086 177 anch2
-91.3391113281 29.4612407684 178 anto2
-66.6897964478 18.478969574 179 apfl
-1.1458400488 44.6579208374 180 apla
-70.327293396 -18.4917793274 181 aracS
35.8905715942 36.4281311035 182 arca
-4.543900013 48.0153388977 183 aric2
12.628660202 41.4460411072 184 arsu
16.8763504028 41.1387290955 185 audi
2.1456599236 41.3473091125 186 AZ42
115.2182693481 -8.7762298584 187 BA05
-3.0594899654 43.3663711548 188 barc
57.698589325 -20.4446697235 189 beno
-6.3999300003 36.7830505371 190 bil3
6.7522997856 53.5651817322 191 blueb
1.5867300034 50.7422790527 192 bon2
32.9588699341 36.0925483704 193 djve
-4.5982899666 48.3250007629 194 bork
-158.1243438721 21.3243198395 195 darw
-74.0373764038 40.6972999573 196 boul
-69.0104217529 12.1832304001 197 bozy
9.1333303452 39.1896095276 198 bres
-77.1570129395 -12.0784702301 199 brpt
-1.8854099512 36.9685096741 200 btny2
-9.4234399796 38.6855201721 201 bull
-76.1389083862 38.629119873 202 CA02
9.3290500641 42.9669914246 203 call
15.8842401505 39.5357093811 204 carb
8.3110799789 39.1583900452 205 casc
142.2044219971 27.0954093933 206 cbmd
105.6784133911 -10.4390802383 207 cent
91.7612915039 22.301109314 208 CETR
151.892868042 7.4400701523 209 CF06
11.7927503586 42.0742492676 210 chij
109.0108718872 -7.7816901207 211 chrs
-74.9725799561 38.9692306519 212 chtt
96.8817977905 -12.1070404053 213 chuu
76.2483596802 9.9451303482 214 CI20
-3.9025900364 47.8489990234 215 cili
-145.8950195312 60.5712089539 216 cmnj
-93.3356170654 29.7774791718 217 cocb
17.1356296539 39.0808792114 218 coch
15.0778503418 37.4945411682 219 conc
-67.2282562256 44.6439399719 220 cord
-17.4151706696 14.6866502762 221 cpla
-170.0175933838 49.753238678 222 CR08
158.2091674805 6.9724202156 223 CT03
6.9635601044 53.3104400635 224 cwme
4.7262101173 52.9582214355 225 dakar
1.0729199648 49.9528884888 226 dchu
1.0729199648 49.9528884888 227 deke
-148.4824523926 55.3202705383 228 delf
-129.603805542 48.8307800293 229 denh
-156.5788421631 52.6686096191 230 diep
2.3476800919 51.0553398132 231 diep2
-109.4377212524 -27.157869339 232 dkod
-78.9567565918 9.5638399124 233 dsea
-66.9814682007 44.8932418823 234 dshu
34.2542915344 36.5582084656 235 dunk
121.9048233032 -33.8707389832 236 east2
3.2342200279 51.976940155 237 elpo
-65.6411209106 18.3239593506 238 epme
-81.4641265869 30.6742401123 239 erdem
147.0631408691 -19.2626094818 240 espe
6.9137301445 43.4765090942 241 euro
-82.0575790405 26.6540908813 242 faja
179.1975402832 -8.5155296326 243 fbfl
-38.4734916687 -3.7086400986 244 ferg
-80.8902511597 32.0232582092 245 figu
-166.289855957 23.8571891785 246 fmfl
-61.0750694275 14.5939903259 247 fong
13.5858001709 41.2186698914 248 fort
-134.9795837402 -23.1297607422 249 fpga
-0.1567199975 39.0009803772 250 fren
73.1377410889 -0.6927800179 251 ftfr
72.4006118774 -7.2890901566 252 GA37
8.9049396515 44.4071807861 253 gamb
15.1877202988 38.797000885 254 gand
-5.3539600372 36.1418190002 255 ganm
-5.6940999031 43.5538482666 256 garc
-89.9436721802 29.2600097656 257 GE25
25.8871803284 40.2226104736 258 GI20
-94.7874908447 29.3226203918 259 gibr3
140.7014465332 41.7847099304 260 gij2
73.1517410278 6.7674798965 261 gila
5.4249501228 53.1731681824 262 gokc
115.7188796997 -31.8308792114 263 gptx
-139.0161132812 -9.8071899414 264 hako
4.1210098267 51.9924201965 265 hani
-1.1777700186 46.0120010376 266 harl
25.7531700134 35.0091209412 267 hill
15.4948701859 42.1281204224 268 hiva
168.625289917 -43.9631309509 269 hoek
-2.0975298882 49.1794281006 270 iaix
-169.5228424072 16.7418804169 271 iera
-78.825920105 -33.6203994751 272 IT45
22.1126804352 37.0199584961 273 jack
154.8072509766 1.0930399895 274 jers
66.9614715576 24.7996406555 275 john
21.3071193695 37.6290206909 276 juan
70.2124176025 -49.3499412537 277 kala
70.2124176025 -49.3499412537 278 kapi
10.2473201752 54.4946289062 279 kara
-152.4741516113 57.7274017334 280 kata
167.7476196289 8.7439603806 281 kerg
9.8396396637 44.0672683716 282 kerg2
-80.9024429321 -2.2188100815 283 kiel
-64.7431411743 18.3129901886 284 kodi2
40.89112854 -2.3099598885 285 kwaj
-1.2275099754 46.1459503174 286 LA38
-4.7896800041 48.3694496155 287 lali
-2.8908500671 47.5327415466 288 lame2
123.7580413818 13.1352996826 289 lamu
0.1169800013 49.4913482666 290 larp
116.0537719727 -8.7169399261 291 leco
-1.8050700426 46.5007400513 292 lecy
177.4248046875 -17.5949707031 293 lega
10.2840299606 43.5407600403 294 leha
-67.0401687622 17.9598693848 295 lemba
37.8496017456 -46.8693809509 296 leso
-4.4116601944 36.7049102783 297 levu
134.4583435059 7.3330798149 298 LI11
73.5223693848 4.1759500504 299 magi
120.9707870483 14.5707197189 300 mais
5.3598899841 43.2843399048 301 mal3
171.3621520996 7.1006698608 302 mala
-72.1068496704 -16.9918308258 303 Male2
-67.1626434326 18.2285499573 304 mani
10.2237501144 42.7484016418 305 mars
15.5692901611 38.1938285828 306 marsh
26.7255992889 38.4387016296 307 mata
139.8259887695 34.9086799622 308 maya
-177.3570251465 28.2140693665 309 MC41
153.9595336914 24.282459259 310 ME13
-104.3072433472 19.0545501709 311 ment
-67.9544677734 18.0827007294 312 mera
7.4117698669 43.7141990662 313 midx
-71.9671325684 41.0352096558 314 mins
-3.5160601139 36.7235794067 315 mnza
28.3505096436 36.7843513489 316 mona2
14.279709816 40.8440589905 317 monc
-61.5233688354 56.4621315002 318 mony
166.9142456055 -0.5185400248 319 motr
-159.3647613525 21.9480495453 320 mrms
-165.4063873291 64.5067977905 321 NA23
-51.7252388 64.1557922363 322 nain
166.404876709 -22.2340602875 323 nauu
141.765914917 39.0283203125 324 nawi
14.4131402969 42.3626098633 325 nome
18.4794998169 40.1506500244 326 nuk1
-0.2467699945 49.2835083008 327 numb2
13.3816900253 38.1354904175 328 ofun
-134.6673583984 56.2496185303 329 OR24
-134.6673583984 56.2496185303 330 OT15
-170.6942138672 -14.2660703659 331 ouis
2.6529200077 39.5630111694 332 PA07
-22.9899501801 16.7511405945 333 paak
-149.5689697266 -17.5173397064 334 paak2
-25.6671600342 37.7257118225 335 pago
13.5166797638 37.2892417908 336 palm
23.612569809 37.9486618042 337 palm1
-158.0490570068 -9.0028600693 338 pape2
15.2748003006 40.0190315247 339 pdas
-57.5475616455 -38.0037498474 340 PE09
-162.09425354 5.9048600197 341 peir
-72.9505004883 -41.4971008301 342 penr
-87.2117004395 30.3967494965 343 PL14
12.9638795853 40.9071807861 344 plat2
141.6088562012 -38.3441696167 345 plmy
-1.0815099478 45.5670318604 346 pmon2
-61.7620582581 12.0040998459 347 pnfl
-148.5041656494 70.3856124878 348 PO40
-89.4157562256 28.9414691925 349 porl
8.3966798782 40.849609375 350 port
92.7587814331 11.6940002441 351 pric
3.0360701084 42.9972610474 352 prud
-70.2421722412 43.6471595764 353 psla
-70.6843414307 19.8080005646 354 PT17
3.1180000305 42.5375595093 355 ptbl
-46.0222206116 60.7218208313 356 ptln
114.2626571655 22.2269802094 357 ptme
-84.1742477417 9.4116201401 358 ptpl
12.2847299576 44.4874687195 359 ptve
-159.7925872803 -21.2124595642 360 qaqo
15.6367797852 38.1137809753 361 quar
-3.982530117 48.7185096741 362 quepo
-61.3889503479 15.3263301849 363 RA10
14.7286596298 40.6674880981 364 raro
95.3649673462 5.8537597656 365 RC09
-0.2219299972 39.6285705566 366 rosc
-2.1895499229 47.2537994385 367 rose
145.7286224365 15.2392597198 368 SA16
53.9976882935 16.9371204376 369 saba
-38.5208587646 -12.9783096313 370 sagu
-3.7685899734 43.4670906067 371 sain
-81.6976013184 12.5578098297 372 saip
-80.0972900391 -26.2835597992 373 sala
-66.1158599854 18.4656906128 374 salv
13.0846099854 37.5122299194 375 san2
-1.6780899763 43.3835906982 376 sana
3.719039917 43.3967208862 377 sanf3
-149.4133605957 60.1269798279 378 sanj
19.0289001465 63.2018203735 379 SC43
17.6205291748 42.7818717957 380 scoa
9.3954801559 41.8599014282 381 sete
159.9499816895 -9.4177398682 382 sewa
16.6193504333 43.2090682983 383 skagk
-5.7297000885 -15.9164304733 384 sobr
18.4186191559 59.2195396423 385 sole
-2.0568900108 48.6512184143 386 solo
120.2622528076 14.8254003525 387 stari
39.5706100464 -68.9925765991 388 sthl2
24.9645805359 37.4349784851 389 sthm
-81.2960128784 -4.570330143 390 stma
172.9165649414 1.3801599741 391 subi
17.2321090698 40.467880249 392 syow
1.2171800137 41.0789604187 393 syro
33.8295402527 36.2750892639 394 tala
5.3149900436 53.4376983643 395 tara
-1.7454400063 4.888780117 396 tara1
5.9081201553 43.0881996155 397 tarr
137.236114502 36.7534408569 398 tasu
13.7634601593 45.6456985474 399 ters
-3.4509499073 47.6506004333 400 tkdi
-146.6660766602 61.053440094 401 toul
-0.3231500089 39.4319381714 402 toya
-71.6432571411 -33.0213317871 403 TR22
168.2855682373 -17.7633800507 404 tudy
12.4237203598 45.4308509827 405 vald2
-64.2761611938 -65.236076355 406 vale
16.1678199768 41.8894691467 407 valp2
-65.460609436 18.0937404633 408 vanu
-8.7736902237 42.6020202637 409 VE19
83.297706604 17.6926002502 410 vern
166.6342315674 19.3005504608 411 VI12
12.1151695251 54.1821403503 412 vieq
174.8026123047 -41.2848091125 413 vil2
-89.3037567139 30.3048191071 414 vish
-157.4720153809 1.9960600138 415 wake
-65.8420791626 18.0445709229 416 warn
174.8026123047 -41.2848091125 417 wlgt
-89.3037567139 30.3048191071 418 wlms
-157.4720153809 1.9960600138 419 xmas
-65.8420791626 18.0445709229 420 yabu
