1 420
0 31536000 400
-65.7253565301 -47.5822853311 1 dese
-64.8412481333 -43.2351037143 2 madry
147.3972569709 -43.2949791733 3 bapj
122.1633540584 -17.924717053 4 brom
145.846184116 -40.9944737831 5 barn
117.7777702125 -15.0668788058 6 djve
130.223223579 -12.2819263617 7 bork
150.8826195144 -34.7582713556 8 darw
113.9207322984 -21.9086432538 9 boul
150.8461445331 -23.1856317928 10 pkem
147.9194625162 -42.7914823025 11 pmur
133.708960896 -32.2477209371 12 ross
142.3648304753 -10.6392716037 13 sprg
2.6621127138 51.1808713657 14 thev
-48.0981616551 -0.5026013713 15 trst
-125.1712636164 48.7266737097 16 oste
-52.9152222962 47.8157699501 17 bele
-124.7274183584 48.3101707658 18 bamf
-68.6714508817 -52.5686223535 19 stjo
-58.2444234973 -63.4051288101 20 vhbc
-71.0051537296 -27.223206418 21 greg
-71.4110499212 -29.9378185091 22 ohig3
-73.7126145133 -39.9333613521 23 cald
-71.5965343177 -32.1518746015 24 coqu
-71.7418439361 -30.5018060778 25 corr
-74.4451004462 -45.178327643 26 pich
-67.8870199773 -55.6613583455 27 ptal
-71.5592599333 -32.7251980296 28 pcha
-72.9618311996 -36.4713293019 29 pwil
-72.9618311996 -36.4713293019 30 qtro
178.6421939005 -18.3418623133 31 quir
-1.7566677694 49.725125245 32 talc
45.4761690668 -12.7846015913 33 viti
-2.2244369706 47.2110861358 34 cher
168.0200681429 -21.7615781231 35 dzao
-140.0112788163 -8.8729442452 36 herb
-2.815608415 49.1717862292 37 mare
-2.815608415 49.1717862292 38 nuku
-149.7356890535 -23.4613986864 39 stqy
7.8339553848 54.2663362446 40 stqy2
7.8339553848 54.2663362446 41 tubua
8.0196065552 54.8136707905 42 cuxh
7.3744179942 53.8200331454 43 helg
-1.4851780818 43.6833954434 44 horn
131.4608900629 31.5722195234 45 itea
139.9436280919 40.7395740986 46 LA23
132.2753885077 35.0925159062 47 abur
145.2748039614 43.1205875974 48 fuka
124.2118940288 24.5632343475 49 hmda
135.8995552169 33.4860953441 50 hana
144.6439446125 42.9003942432 51 ishig
129.7176732341 32.6237218287 52 kusm
127.5745539682 26.1029168499 53 kush
137.9587085607 34.6213392219 54 naga
138.1686991891 38.4067669885 55 naha
133.0971828812 36.0409986416 56 omae
132.7636658974 32.7077501291 57 sado
141.6142122466 45.6737431024 58 saig
-171.8688082832 -2.8016470782 59 tosa
-95.9269992279 15.7845621371 60 waka
171.3618231466 -41.9725731151 61 kant
15.4075862503 69.5072925104 62 huat
25.7206520754 71.2083552491 63 chst
4.9675247452 61.9529473042 64 ande
11.2775052516 64.9772374911 65 honn
7.6993897263 57.9763514882 66 malo
30.3926181769 70.5976013268 67 rorv
126.2703493984 6.6377161832 68 treg
-176.5835513945 -9.5181978261 69 vard
-17.8908610092 27.6190149274 70 davo
-13.7816817477 28.6481615088 71 dapi
-8.5577540373 43.3610853006 72 hie2
11.8613280683 57.4684216515 73 fue2
11.0083556328 58.8277879038 74 coru
13.0319455044 66.7295056713 75 arko
11.8613280683 57.4684216515 76 fors
12.0505610482 65.3502547061 77 furu
13.0319455044 66.7295056713 78 gokr
12.6887948807 56.6223083417 79 holm
11.74568799 56.1964366797 80 kalit
12.6887948807 56.6223083417 81 karl
11.0083556328 58.8277879038 82 klag
11.8613280683 57.4684216515 83 kung
12.6887948807 56.6223083417 84 kungr
12.6887948807 56.6223083417 85 land
11.8613280683 57.4684216515 86 olan
12.0505610482 65.3502547061 87 oska
12.6887948807 56.6223083417 88 oxel
12.6887948807 56.6223083417 89 rata
11.320213414 58.2413818046 90 simp
10.1510940524 64.2189625083 91 simr
12.6887948807 56.6223083417 92 smog
39.3298364249 -5.8440464877 93 spik
-174.937003941 -20.9827266802 94 visb
12.6887948807 56.6223083417 95 zanz
12.6887948807 56.6223083417 96 nkfa
12.6887948807 56.6223083417 97 amas
12.6887948807 56.6223083417 98 anta
-2.1530910365 56.923312665 99 igne
-5.0839433821 54.7690875195 100 sile
1.10811565 53.0019853573 101 abed
1.8256879469 51.4532918519 102 bang
2.0246106444 52.0941204678 103 crom
-3.5122484663 54.3526575507 104 dove
-4.5496425632 53.4520754187 105 harw
-4.5757556922 51.0266929083 106 heys
-4.6408177026 58.5961030082 107 holy2
-2.7596185065 56.4186029165 108 ilfa
-0.9031048682 60.3340080673 109 kinl
-3.5883037907 53.3437258325 110 leit
1.7883085051 52.6092312737 111 lerw2
-5.3167800296 51.9528939585 112 live
-5.0839433821 54.7690875195 113 lowe
-4.5757556922 51.0266929083 114 mhav
-1.3599050987 50.2115763062 115 mill
-5.3276370386 50.0326934489 116 mumb
-3.1429436647 50.637665185 117 nhav
-1.3107783163 54.9275951836 118 newl2
-4.4384757655 50.3015403115 119 npor
-5.0839433821 54.7690875195 120 nshi
-6.6388255329 55.6010506753 121 plym
-1.3599050987 50.2115763062 122 porp
1.8256879469 51.4532918519 123 prus
-6.8686029768 58.3041717898 124 ptmt
-0.637474176 54.5419884458 125 shee
-3.1925468824 58.2692242585 126 stor
-3.5122484663 54.3526575507 127 whit
-122.5586877125 37.7621347221 128 wick
-123.646854682 38.7902183316 129 work
-123.9892803646 46.1064636113 130 alam
-174.0597612523 52.1803828161 131 aren
-74.3288588591 39.3753074216 132 asto
-74.9380206852 39.1332494457 133 atka
-68.1260680052 44.3337625696 134 acnj
-76.3479538273 34.7613692706 135 bamd
-70.3284630305 42.0581066826 136 bame
-73.1086296177 40.6735558264 137 benc
-64.8770039917 18.5777994427 138 boma
-124.7274183584 48.3101707658 139 bgct
-82.7776752226 27.6813587839 140 amal
-124.2655126012 41.8557386739 141 chrp
153.5105843845 12.0426516063 142 cwfl
171.7967632842 49.9855354057 143 cres
-75.5848548093 35.9843800163 144 dkwa
-166.4615753273 53.5890233069 145 datu
-136.915649668 58.298520726 146 dpnc
-122.5586877125 37.7621347221 147 dutc
144.6576107497 13.6686162721 148 elak
-154.9338793798 19.6685485126 149 fpnt
-156.510216036 20.7379443029 150 guam
-155.8727608384 20.0187909622 151 hilo
-81.9074365356 24.7430055608 152 kahu
-117.3699188179 33.0965021684 153 kawa
-64.6040056391 17.4050671545 154 kwfl
144.6576107497 13.6686162721 155 lajo
-120.6809556514 35.108155745 156 lime
-160.8727444356 55.0446305512 157 pagb
-135.3517264887 56.7202262499 158 pslu
-124.0911884182 46.6768585076 159 sdpt
-71.2315482276 41.4291654803 160 sitk
-139.2785524084 59.309466598 161 wpwa
79.8753908515 6.6500605646 162 wood
-177.6861665839 -35.8565576783 163 yaku
-130.9397591755 53.2145358126 164 colo
144.0368263915 44.1744401391 165 dnze
-89.9207885235 13.2384916686 166 prin2
-99.8322758221 16.7336674238 167 abas
-176.9469953865 51.7473417026 168 acaj
-176.9469953865 51.7473417026 169 acap2
-1.4851780818 43.6833954434 170 adak
-6.0806146486 36.1658459349 171 adak2
-153.9708975944 56.6999920344 172 ajac
-6.0806146486 36.1658459349 173 alac2
3.5184142068 51.6240322049 174 alak2
-149.5314953573 59.8309448728 175 alme
-70.5568777767 -23.9034122582 176 AN15
-85.2210472701 29.628923887 177 anch2
-91.3038621031 29.4329749997 178 anto2
-66.9536623307 18.5331630626 179 apfl
-1.2848241717 44.5883489083 180 apla
-70.3867905081 -18.7328947894 181 aracS
56.4062888889 25.4663909979 182 arca
-4.4116213186 47.880013494 183 aric2
-1.4851780818 43.6833954434 184 arsu
-1.2848241717 44.5883489083 185 audi
-1.4851780818 43.6833954434 186 AZ42
115.0968396545 -9.056381334 187 BA05
-3.1388777987 43.398219105 188 barc
57.7545154537 -20.4069728533 189 beno
-6.4416859357 36.6354432172 190 bil3
6.3557233289 53.7367967172 191 blueb
1.8256879469 51.4532918519 192 bon2
56.4062888889 25.4663909979 193 djve
-4.4831462699 48.6725472765 194 bork
-158.4038872306 21.409784729 195 darw
-74.0456763215 40.544161022 196 boul
-69.0200625763 12.3511092285 197 bozy
-1.4851780818 43.6833954434 198 bres
-76.9673877713 -12.283233533 199 brpt
-6.0806146486 36.1658459349 200 btny2
-9.2618273033 38.5962287998 201 bull
-75.0179160696 38.6367748503 202 CA02
-1.2848241717 44.5883489083 203 call
-1.4851780818 43.6833954434 204 carb
-1.4851780818 43.6833954434 205 casc
142.2928577374 27.1091489834 206 cbmd
105.8528878498 -10.4849954932 207 cent
91.7679916752 22.1914153387 208 CETR
151.7396079998 7.6136588958 209 CF06
-1.2848241717 44.5883489083 210 chij
109.1480629954 -7.7351457857 211 chrs
-74.9380206852 39.1332494457 212 chtt
96.9240771412 -12.2096313331 213 chuu
76.2425648734 9.7086066187 214 CI20
-3.9482024298 47.8184649552 215 cili
-146.0065068166 60.4588496239 216 cmnj
-93.2312341567 29.7307167067 217 cocb
-1.4851780818 43.6833954434 218 coch
-1.4851780818 43.6833954434 219 conc
-67.323250898 44.4118041417 220 cord
-17.1989234614 14.592738948 221 cpla
-169.4695647672 49.7721289622 222 CR08
158.3623969855 7.1723473797 223 CT03
6.3557233289 53.7367967172 224 cwme
4.747422056 53.1578316664 225 dakar
1.8256879469 51.4532918519 226 dchu
1.8256879469 51.4532918519 227 deke
-148.1930973507 55.1368624766 228 delf
-129.2877018028 48.9370041561 229 denh
-156.4110742492 52.7252940777 230 diep
2.6621127138 51.1808713657 231 diep2
-109.2709478237 -26.9492276073 232 dkod
-78.9253887436 9.4932730286 233 dsea
-67.323250898 44.4118041417 234 dshu
56.4062888889 25.4663909979 235 dunk
121.5864923354 -33.8963474902 236 east2
2.9384349178 52.2118959409 237 elpo
-65.652896799 18.1543191204 238 epme
-81.3938028526 30.6223716382 239 erdem
146.8598763962 -18.9681921905 240 espe
-1.2848241717 44.5883489083 241 euro
-82.3008054565 26.7121860039 242 faja
179.1642014811 -8.7126669844 243 fbfl
-38.5516857451 -3.6593417958 244 ferg
-80.7306706905 32.09820559 245 figu
-166.4228519456 23.974082757 246 fmfl
-61.2767320472 14.6136038469 247 fong
-1.4851780818 43.6833954434 248 fort
-134.7283228365 -23.0977954456 249 fpga
-2.1382225115 43.3389637245 250 fren
73.1363156443 -0.6030023408 251 ftfr
72.3520010254 -7.2051463242 252 GA37
-1.2167561432 45.254383777 253 gamb
-1.4851780818 43.6833954434 254 gand
-6.0806146486 36.1658459349 255 ganm
-5.5543238447 43.5950427245 256 garc
-90.4848750795 29.2050658823 257 GE25
7.3744179942 53.8200331454 258 GI20
-94.9731138612 29.1284890336 259 gibr3
141.5309545198 41.9543230972 260 gij2
73.1046129143 6.6461538387 261 gila
5.5799713133 53.4934308833 262 gokc
115.6987344911 -31.858997461 263 gptx
-138.8624924636 -9.6934302453 264 hako
4.1100184091 52.0404069213 265 hani
-1.1899925896 46.0951680397 266 harl
-1.4851780818 43.6833954434 267 hill
-1.2848241717 44.5883489083 268 hiva
168.8039100556 -43.9264663295 269 hoek
-2.815608415 49.1717862292 270 iaix
-169.6823905815 16.8198699181 271 iera
-78.7133177962 -33.7707685497 272 IT45
-1.4851780818 43.6833954434 273 jack
154.830620489 1.1681580248 274 jers
67.1155791988 24.6475463151 275 john
-1.4851780818 43.6833954434 276 juan
70.488312893 -49.4128728426 277 kala
70.488312893 -49.4128728426 278 kapi
8.4939807978 55.2493670577 279 kara
-152.261038693 57.4816162107 280 kata
167.5840530237 8.8259735272 281 kerg
-1.2167561432 45.254383777 282 kerg2
-81.2076370423 -2.161343373 283 kiel
-64.8770039917 18.5777994427 284 kodi2
41.0316441433 -2.2453322777 285 kwaj
-1.1899925896 46.0951680397 286 LA38
-4.9918795198 48.2321061423 287 lali
-3.1904814973 47.570209287 288 lame2
124.2377309861 13.056134985 289 lamu
-1.3599050987 50.2115763062 290 larp
116.2197229326 -8.9682221848 291 leco
-1.8678215646 46.5127937473 292 lecy
177.1906673534 -17.4172719373 293 lega
-1.2848241717 44.5883489083 294 leha
-67.2197147141 18.2191170871 295 lemba
38.0265786763 -46.7851093686 296 leso
-6.0806146486 36.1658459349 297 levu
134.4467086378 7.306635906 298 LI11
73.3730593358 4.0594618314 299 magi
120.535936948 14.2019639943 300 mais
-1.2848241717 44.5883489083 301 mal3
171.3850968755 6.9480585229 302 mala
-72.2410482673 -16.9449694155 303 Male2
-67.2197147141 18.2191170871 304 mani
-1.2848241717 44.5883489083 305 mars
-1.4851780818 43.6833954434 306 marsh
7.3744179942 53.8200331454 307 mata
140.0569110225 35.0095287404 308 maya
-177.2136928393 28.2811550267 309 MC41
153.7144441493 24.0580280578 310 ME13
-104.2709720263 18.9555578579 311 ment
-67.7490468124 18.132640178 312 mera
-1.2848241717 44.5883489083 313 midx
-71.9339704916 41.2335904827 314 mins
-6.0806146486 36.1658459349 315 mnza
7.3744179942 53.8200331454 316 mona2
-1.4851780818 43.6833954434 317 monc
-61.2953211874 56.9497560088 318 mony
166.827964113 -0.5915133343 319 motr
-159.3666034134 22.0294036921 320 mrms
-165.4525178346 64.4548125706 321 NA23
-52.1997757354 64.2263803971 322 nain
166.1707284749 -22.1541929321 323 nauu
141.9520128198 39.1392125433 324 nawi
-1.2848241717 44.5883489083 325 nome
-1.2848241717 44.5883489083 326 nuk1
-1.7566677694 49.725125245 327 numb2
-1.4851780818 43.6833954434 328 ofun
-134.8920165671 56.2661648183 329 OR24
-134.8920165671 56.2661648183 330 OT15
-170.7040216113 -14.4099696441 331 ouis
-1.4851780818 43.6833954434 332 PA07
-22.7190715914 16.7842386263 333 paak
-149.3115100416 -17.4227227517 334 paak2
-25.4788078005 37.9115958057 335 pago
-1.4851780818 43.6833954434 336 palm
7.3744179942 53.8200331454 337 palm1
-158.0451205653 -9.258888086 338 pape2
-1.4851780818 43.6833954434 339 pdas
-57.4548890903 -37.8547264143 340 PE09
-162.3274383976 5.9508029962 341 peir
-73.7557757416 -41.6860690572 342 penr
-86.9448577613 30.3499162939 343 PL14
-1.4851780818 43.6833954434 344 plat2
141.702024766 -38.3113347828 345 plmy
-1.2167561432 45.254383777 346 pmon2
-61.4848491191 11.9817652005 347 pnfl
-148.9447557032 70.4697582318 348 PO40
-89.2845353377 28.9996067175 349 porl
-1.4851780818 43.6833954434 350 port
92.8024980618 11.5888427989 351 pric
-1.4851780818 43.6833954434 352 prud
-70.3426292953 43.3882685955 353 psla
-70.6227807121 19.8163859226 354 PT17
-1.4851780818 43.6833954434 355 ptbl
-46.065604837 60.554818191 356 ptln
114.071502676 22.1719559739 357 ptme
-84.3232746575 9.4437134856 358 ptpl
3.5184142068 51.6240322049 359 ptve
-159.6625600923 -21.2483257178 360 qaqo
-1.4851780818 43.6833954434 361 quar
-3.6314955381 48.7428841421 362 quepo
-61.3116871815 15.5546765133 363 RA10
-1.4851780818 43.6833954434 364 raro
95.1584996395 5.8223745418 365 RC09
-2.1382225115 43.3389637245 366 rosc
-2.2244369706 47.2110861358 367 rose
145.7360892373 14.9659485518 368 SA16
54.0576997718 16.9448196418 369 saba
-38.5799367908 -13.0321077275 370 sagu
-3.9526227878 43.5164763857 371 sain
-81.6489436541 12.4712182222 372 saip
-79.9569171106 -26.0046428239 373 sala
-66.3521632046 18.5264392725 374 salv
-1.4851780818 43.6833954434 375 san2
-1.4851780818 43.6833954434 376 sana
-1.4851780818 43.6833954434 377 sanf3
-149.5314953573 59.8309448728 378 sanj
12.0505610482 65.3502547061 379 SC43
7.3744179942 53.8200331454 380 scoa
-1.4851780818 43.6833954434 381 sete
159.9779535888 -9.3856147808 382 sewa
4.1100184091 52.0404069213 383 skagk
-5.7857496751 -15.8460348601 384 sobr
11.320213414 58.2413818046 385 sole
-2.815608415 49.1717862292 386 solo
120.2548518855 14.6258594873 387 stari
39.6498465113 -69.0575208512 388 sthl2
7.3744179942 53.8200331454 389 sthm
-81.3088420809 -4.4070969531 390 stma
173.0380967979 1.2881306904 391 subi
-1.2848241717 44.5883489083 392 syow
-1.4851780818 43.6833954434 393 syro
56.4062888889 25.4663909979 394 tala
5.5799713133 53.4934308833 395 tara
-1.6640014215 4.9191409034 396 tara1
-1.2848241717 44.5883489083 397 tarr
136.7189801302 36.8950161448 398 tasu
4.1100184091 52.0404069213 399 ters
-3.1904814973 47.570209287 400 tkdi
-146.0065068166 60.4588496239 401 toul
-2.1382225115 43.3389637245 402 toya
-71.7132301279 -33.3023858694 403 TR22
168.1806769839 -17.7645974435 404 tudy
3.5184142068 51.6240322049 405 vald2
-64.4811549229 -65.2748052299 406 vale
-1.2848241717 44.5883489083 407 valp2
-65.652896799 18.1543191204 408 vanu
-9.0651748566 42.4809741092 409 VE19
83.4625718713 17.8278846915 410 vern
166.4551227976 19.0294077098 411 VI12
11.74568799 56.1964366797 412 vieq
174.8154026206 -41.3940387864 413 vil2
-88.7265962975 29.8980615514 414 vish
-157.6399857055 1.8643218247 415 wake
-65.652896799 18.1543191204 416 warn
174.8154026206 -41.3940387864 417 wlgt
-88.7265962975 29.8980615514 418 wlms
-157.6399857055 1.8643218247 419 xmas
-65.652896799 18.1543191204 420 yabu
