1 420
0 31536000 400
-65.8276596069 -47.7615089417 1 dese
-65.0478820801 -42.7331390381 2 madry
147.4318389893 -43.0281600952 3 bapj
122.220161438 -18.0331497192 4 brom
145.9624176025 -41.0293197632 5 barn
117.9389877319 -15.0158700943 6 djve
130.8399505615 -12.5001602173 7 bork
150.890625 -34.497341156 8 darw
114.1906204224 -21.8316898346 9 boul
150.8283843994 -23.1398696899 10 pkem
147.9929656982 -42.5292282104 11 pmur
133.6507110596 -32.212348938 12 ross
142.2092590332 -10.5842599869 13 sprg
2.9122099876 51.2259407043 14 thev
-48.5106506348 -1.3143800497 15 trst
-125.1700286865 48.8569412231 16 oste
-52.696269989 47.5643005371 17 bele
-123.2215423584 49.2921104431 18 bamf
-70.2267684937 -52.6156311035 19 stjo
-57.9028587341 -63.3327789307 20 vhbc
-70.8336334229 -27.0319499969 21 greg
-71.3352432251 -29.9568004608 22 ohig3
-73.5035400391 -39.8522987366 23 cald
-71.5260009766 -32.1368293762 24 coqu
-71.6064834595 -30.2621898651 25 corr
-73.3816375732 -45.3765487671 26 pich
-67.618309021 -55.2347717285 27 ptal
-71.4919586182 -32.7693595886 28 pcha
-73.075592041 -36.6463394165 29 pwil
-73.1395721436 -36.6923713684 30 qtro
178.4073944092 -18.1037807465 31 quir
-1.5990099907 49.6332588196 32 talc
45.2781982422 -12.7760601044 33 viti
-2.3422000408 47.0197906494 34 cher
167.8583679199 -21.5271701813 35 dzao
-140.0793151855 -8.9597301483 36 herb
-2.8685901165 48.6659011841 37 mare
-2.8685901165 48.6659011841 38 nuku
-149.4640808105 -23.3146400452 39 stqy
8.7123498917 53.839099884 40 stqy2
7.8510298729 54.1577110291 41 tubua
8.3408899307 54.7412910461 42 cuxh
21.756570816 38.2688903809 43 helg
12.6394195557 35.4848403931 44 horn
131.4239654541 31.5579109192 45 itea
139.9621124268 40.6515007019 46 LA23
132.0384368896 34.8729705811 47 abur
145.6102752686 43.2899017334 48 fuka
124.1630630493 24.3468799591 49 hmda
135.7917938232 33.4801902771 50 hana
144.3827972412 43.001209259 51 ishig
129.8142547607 32.6906814575 52 kusm
127.7055282593 26.2034606934 53 kush
138.2299957275 34.5889396667 54 naga
138.5451202393 38.3116912842 55 naha
133.3690643311 36.179271698 56 omae
132.9330749512 32.7678108215 57 sado
141.6963195801 45.4273490906 58 saig
-171.7109985352 -2.795030117 59 tosa
-96.0952377319 15.7581100464 60 waka
171.4605865479 -41.8793296814 61 kant
16.1430301666 69.3080825806 62 huat
25.9514694214 71.0076217651 63 chst
5.0277400017 61.9610900879 64 ande
11.2548904419 64.8491973877 65 honn
7.5728697777 58.0171508789 66 malo
31.1004295349 70.3648223877 67 rorv
125.6989212036 7.1917700768 68 treg
-176.1504974365 -9.4894199371 69 vard
-17.9289608002 27.8009109497 70 davo
-13.839050293 28.5050392151 71 dapi
-8.3635902405 43.3502006531 72 hie2
16.9742202759 58.4942588806 73 fue2
18.1837501526 60.4296302795 74 coru
21.2440605164 64.898651123 75 arko
11.8012599945 57.7063102722 76 fors
20.2957401276 63.6901397705 77 furu
23.131980896 65.6864624023 78 gokr
14.8063402176 56.1266784668 79 holm
12.8967599869 55.5506782532 80 kalit
15.6153202057 56.1248817444 81 karl
11.1283197403 59.0312995911 82 klag
17.8457107544 58.7955818176 83 kung
17.077539444 57.3865699768 84 kungr
16.4778308868 57.260848999 85 land
17.1916007996 58.6636505127 86 olan
20.9133300781 63.9728507996 87 oska
16.6955108643 57.3811416626 88 oxel
14.4032297134 55.5680084229 89 rata
11.1940898895 58.3446998596 90 simp
17.5650100708 62.3720283508 91 simr
18.2488803864 57.6225891113 92 smog
39.2046203613 -6.1349902153 93 spik
-175.2028961182 -21.1184101105 94 visb
32.4352302551 41.7548789978 95 zanz
30.607919693 36.8606414795 96 nkfa
28.0642795563 41.9029312134 97 amas
29.6455593109 41.163848877 98 anta
-2.0276999474 57.1312904358 99 igne
-5.6510100365 54.6806793213 100 sile
1.3368400335 52.9443283081 101 abed
1.3051199913 51.1084709167 102 bang
1.2840800285 51.9195213318 103 crom
-2.9392199516 54.0489311218 104 dove
-4.6324400902 53.3137702942 105 harw
-4.1639399529 51.2308502197 106 heys
-5.1041297913 58.4357185364 107 holy2
-3.1892499924 56.0229301453 108 ilfa
-1.1708199978 60.1365203857 109 kinl
-3.017770052 53.4492912292 110 leit
1.7814999819 52.4820785522 111 lerw2
-5.0475001335 51.658870697 112 live
-4.8769102097 55.7413406372 113 lowe
-3.9426400661 51.5551109314 114 mhav
0.0519899987 50.7761116028 115 mill
-5.5586700439 50.0814781189 116 mumb
-2.9310998917 51.5293388367 117 nhav
-1.3718800545 54.9753112793 118 newl2
-4.229569912 50.3626403809 119 npor
-5.13270998 54.8395385742 120 nshi
-6.6873202324 55.2185287476 121 plym
-1.0998200178 50.7954216003 122 porp
0.6853299737 51.4464683533 123 prus
-6.3614001274 58.2419090271 124 ptmt
-0.5460500121 54.4869499207 125 shee
-3.0877599716 58.413230896 126 stor
-3.5568900108 54.6388893127 127 whit
-122.5117263794 37.7030410767 128 wick
-123.7126464844 38.9137916565 129 work
-123.943321228 46.1925582886 130 alam
-174.1198425293 52.2347297668 131 aren
-74.3933410645 39.3643188477 132 asto
-76.4470367432 39.2589302063 133 atka
-68.0908203125 44.3718910217 134 acnj
-76.6999816895 34.7358512878 135 bamd
-71.0286331177 42.3545684814 136 bame
-73.175491333 41.1421012878 137 benc
-64.9331970215 18.3181705475 138 boma
-122.7244033813 48.8406982422 139 bgct
-82.8051986694 28.0000896454 140 amal
-124.1933288574 41.7751197815 141 chrp
153.9364471436 11.8456697464 142 cwfl
171.8741607666 50.213760376 143 cres
-75.7424468994 36.2036895752 144 dkwa
-166.5484466553 53.9323997498 145 datu
-136.3866271973 58.2007408142 146 dpnc
-122.5587615967 37.8184700012 147 dutc
144.6522979736 13.4171104431 148 elak
-155.0577697754 19.7586593628 149 fpnt
-156.4637451172 20.9204692841 150 guam
-155.8766479492 20.0347309113 151 hilo
-81.8170928955 24.570350647 152 kahu
-117.2579727173 32.8731689453 153 kawa
-64.7623519897 17.6675701141 154 kwfl
144.7778167725 13.4425802231 155 lajo
-120.7415924072 35.1552085876 156 lime
-160.5559997559 55.3189811707 157 pagb
-135.4306335449 56.9849205017 158 pslu
-124.0939865112 46.9270782471 159 sdpt
-70.6684417725 41.5288391113 160 sitk
-139.6930541992 59.5578918457 161 wpwa
79.8567123413 6.9448900223 162 wood
-177.7669525146 -36.1002807617 163 yaku
-130.4272460938 54.2836685181 164 colo
144.3009185791 43.9861602783 165 dnze
-89.8179092407 13.5818004608 166 prin2
-99.9107437134 16.8058204651 167 abas
-176.5758666992 51.8655395508 168 acaj
-176.5758666992 51.8655395508 169 acap2
8.7671899796 41.9011001587 170 adak
-0.494780004 38.3332710266 171 adak2
-154.3129577637 56.8960418701 172 ajac
-2.4902100563 36.8435211182 173 alac2
13.4603700638 43.6261901855 174 alak2
-150.1060333252 61.2109489441 175 alme
-70.4177627563 -23.6540393829 176 AN15
-84.94140625 29.7006893158 177 anch2
-91.3017883301 29.4525508881 178 anto2
-66.7349395752 18.4939193726 179 apfl
-1.1363699436 44.6531295776 180 apla
-70.358581543 -18.4650707245 181 aracS
35.8626708984 36.4187011719 182 arca
-4.559150219 47.9984092712 183 aric2
12.6813097 41.4480400085 184 arsu
16.9124298096 41.1501197815 185 audi
2.1213300228 41.3395195007 186 AZ42
115.2213287354 -8.7668304443 187 BA05
-3.0505199432 43.3794708252 188 barc
57.6875 -20.4485301971 189 beno
-6.3987698555 36.7988014221 190 bil3
6.7614102364 53.5545883179 191 blueb
1.526990056 50.7382202148 192 bon2
32.9695091248 36.0442085266 193 djve
-4.6092700958 48.3090400696 194 bork
-158.1045837402 21.347530365 195 darw
-73.9713897705 40.5955696106 196 boul
-68.9993972778 12.1766500473 197 bozy
9.1257200241 39.1923904419 198 bres
-77.1667404175 -12.0641002655 199 brpt
-1.9382100105 36.9914207458 200 btny2
-9.3983898163 38.6626396179 201 bull
-76.133682251 38.5822105408 202 CA02
9.3111896515 42.959400177 203 call
15.930729866 39.5240211487 204 carb
8.2830400467 39.1613502502 205 casc
142.1565246582 27.0890007019 206 cbmd
105.6874694824 -10.4372797012 207 cent
91.8008880615 22.315580368 208 CETR
151.8857269287 7.4470000267 209 CF06
11.7899904251 42.105091095 210 chij
109.0253829956 -7.7306399345 211 chrs
-74.9879074097 38.9644889832 212 chtt
96.881439209 -12.0921497345 213 chuu
76.23021698 9.9459104538 214 CI20
-3.9448800087 47.8227996826 215 cili
-146.0016174316 60.5486793518 216 cmnj
-93.3730392456 29.7780990601 217 cocb
17.1149101257 39.069278717 218 coch
15.094499588 37.4958190918 219 conc
-67.213760376 44.6547203064 220 cord
-17.4273490906 14.6957998276 221 cpla
-169.9208068848 49.5956192017 222 CR08
158.2229156494 6.9892201424 223 CT03
6.9279398918 53.3501091003 224 cwme
4.7472701073 52.9503707886 225 dakar
1.0623799562 49.9615707397 226 dchu
1.0623799562 49.9615707397 227 deke
-148.6049346924 55.3205299377 228 delf
-129.6364746094 48.8046684265 229 denh
-156.7892913818 52.6370201111 230 diep
2.3851900101 51.0568695068 231 diep2
-109.4097976685 -27.1590995789 232 dkod
-78.9818572998 9.5480098724 233 dsea
-67.024772644 44.9106483459 234 dshu
34.2483711243 36.5764389038 235 dunk
121.9004898071 -33.8515586853 236 east2
3.3262701035 51.9825706482 237 elpo
-65.6086196899 18.3564605713 238 epme
-81.4625091553 30.6700801849 239 erdem
147.1110229492 -19.2763900757 240 espe
6.9232997894 43.5000915527 241 euro
-82.0620117188 26.7200107574 242 faja
179.2114715576 -8.5094299316 243 fbfl
-38.492061615 -3.7284901142 244 ferg
-80.9326934814 32.0394210815 245 figu
-166.3112945557 23.8791999817 246 fmfl
-61.0472106934 14.5896902084 247 fong
13.5546598434 41.2153511047 248 fort
-135.0044555664 -23.1084003448 249 fpga
-0.1268000007 38.9921913147 250 fren
73.1477508545 -0.6738100052 251 ftfr
72.4105300903 -7.2675900459 252 GA37
8.9751901627 44.4136886597 253 gamb
15.1640501022 38.7747306824 254 gand
-5.399960041 36.1430206299 255 ganm
-5.663189888 43.5418510437 256 garc
-89.9377288818 29.2653903961 257 GE25
25.9052391052 40.2690315247 258 GI20
-94.7592391968 29.3031406403 259 gibr3
140.7515411377 41.7883415222 260 gij2
73.1409835815 6.7776799202 261 gila
5.3825302124 53.1865882874 262 gokc
115.7464065552 -31.7936306 263 gptx
-139.0616455078 -9.8418798447 264 hako
4.1582598686 51.9711914062 265 hani
-1.1568399668 46.029209137 266 harl
25.752040863 34.9911613464 267 hill
15.5237398148 42.1318206787 268 hiva
168.6615447998 -43.9668998718 269 hoek
-2.0746600628 49.1444091797 270 iaix
-169.5003814697 16.7338905334 271 iera
-78.8343963623 -33.6360397339 272 IT45
22.1343898773 37.0115318298 273 jack
154.8277282715 1.1062300205 274 jers
66.9912719727 24.7886791229 275 john
21.293340683 37.670009613 276 juan
70.218711853 -49.3568382263 277 kala
70.218711853 -49.3568382263 278 kapi
10.2393903732 54.4776306152 279 kara
-152.4393463135 57.7141799927 280 kata
167.7306365967 8.733420372 281 kerg
9.8554601669 44.0517501831 282 kerg2
-80.9203796387 -2.1763899326 283 kiel
-64.7442321777 18.290189743 284 kodi2
40.9325294495 -2.2758700848 285 kwaj
-1.2308499813 46.1366615295 286 LA38
-4.7526497841 48.3860588074 287 lali
-2.8975799084 47.5627212524 288 lame2
123.7962265015 13.1524896622 289 lamu
0.0692000017 49.4696388245 290 larp
116.0601501465 -8.6902303696 291 leco
-1.8054499626 46.4885902405 292 lecy
177.4397277832 -17.5989208221 293 lega
10.3087301254 43.5572395325 294 leha
-67.0684890747 17.9755191803 295 lemba
37.8434715271 -46.8815307617 296 leso
-4.4510397911 36.7177810669 297 levu
134.4492034912 7.3121299744 298 LI11
73.5230178833 4.1608600616 299 magi
120.9451065063 14.5567598343 300 mais
5.350979805 43.2856407166 301 mal3
171.397644043 7.1045899391 302 mala
-72.1123809814 -16.9886798859 303 Male2
-67.1891784668 18.1959896088 304 mani
10.272190094 42.7407417297 305 mars
15.5541496277 38.191619873 306 marsh
26.7513599396 38.4632492065 307 mata
139.8229827881 34.9339294434 308 maya
-177.3829650879 28.2030200958 309 MC41
154.0085449219 24.2971000671 310 ME13
-104.2983398438 19.0586795807 311 ment
-67.9067230225 18.0806007385 312 mera
7.4289197922 43.7473907471 313 midx
-71.9316711426 41.0332298279 314 mins
-3.5197000504 36.7375717163 315 mnza
28.446559906 36.8044509888 316 mona2
14.2928199768 40.8121986389 317 monc
-61.3332214355 56.5370292664 318 mony
166.8809967041 -0.5493299961 319 motr
-159.3218841553 21.9671401978 320 mrms
-165.4256591797 64.4757537842 321 NA23
-51.7858886719 64.183631897 322 nain
166.3851776123 -22.2485809326 323 nauu
141.7432556152 39.0316009521 324 nawi
14.4077596664 42.354259491 325 nome
18.4816894531 40.1564903259 326 nuk1
-0.2374799997 49.3185882568 327 numb2
13.3802499771 38.1250190735 328 ofun
-134.6281890869 56.2689590454 329 OR24
-134.6281890869 56.2689590454 330 OT15
-170.690536499 -14.3093700409 331 ouis
2.6338400841 39.528339386 332 PA07
-22.9961490631 16.7453994751 333 paak
-149.5556945801 -17.5605697632 334 paak2
-25.6600799561 37.7588806152 335 pago
13.5132398605 37.2699317932 336 palm
23.6282997131 37.9437599182 337 palm1
-158.0746307373 -9.0157499313 338 pape2
15.2739601135 40.0316886902 339 pdas
-57.5593299866 -38.0250091553 340 PE09
-162.0893859863 5.8919200897 341 peir
-72.9825820923 -41.5091781616 342 penr
-87.2270278931 30.3839702606 343 PL14
12.9918298721 40.8887481689 344 plat2
141.6544647217 -38.3233413696 345 plmy
-1.0659600496 45.5796318054 346 pmon2
-61.749130249 11.9867095947 347 pnfl
-148.563293457 70.3834915161 348 PO40
-89.4064178467 28.9066905975 349 porl
8.3666696548 40.8305206299 350 port
92.7680206299 11.6803197861 351 pric
3.043610096 42.9961204529 352 prud
-70.2460098267 43.6652908325 353 psla
-70.6775665283 19.8018703461 354 PT17
3.1022899151 42.5403213501 355 ptbl
-46.0867805481 60.7377700806 356 ptln
114.2017288208 22.183839798 357 ptme
-84.1882019043 9.4341001511 358 ptpl
12.2751703262 44.4927482605 359 ptve
-159.765625 -21.2159404755 360 qaqo
15.6236801147 38.1374015808 361 quar
-3.996119976 48.7254905701 362 quepo
-61.3956985474 15.330909729 363 RA10
14.7096204758 40.6479492188 364 raro
95.3162307739 5.854929924 365 RC09
-0.1775300056 39.6393585205 366 rosc
-2.2634398937 47.1878204346 367 rose
145.7445678711 15.2051200867 368 SA16
53.9889602661 16.9415302277 369 saba
-38.5423202515 -12.9427099228 370 sagu
-3.8024299145 43.4792098999 371 sain
-81.7191696167 12.5499000549 372 saip
-80.0815734863 -26.2929496765 373 sala
-66.0833816528 18.4535694122 374 salv
13.016119957 37.4870185852 375 san2
-1.6398199797 43.3845405579 376 sana
3.7007799149 43.364818573 377 sanf3
-149.3272247314 59.9931983948 378 sanj
18.9730606079 63.1743392944 379 SC43
17.6003608704 42.7643890381 380 scoa
9.4228801727 41.8410606384 381 sete
159.967086792 -9.407119751 382 sewa
16.4756698608 43.2164611816 383 skagk
-5.711400032 -15.9445104599 384 sobr
18.3943004608 59.2058296204 385 sole
-2.0113101006 48.6701087952 386 solo
120.217880249 14.7260503769 387 stari
39.6693916321 -68.9948272705 388 sthl2
24.9318504333 37.4046401978 389 sthm
-81.2690200806 -4.5978798866 390 stma
172.9042358398 1.3377699852 391 subi
17.2243690491 40.4451904297 392 syow
1.1742500067 41.0938491821 393 syro
33.8386802673 36.2476196289 394 tala
5.30809021 53.4417304993 395 tara
-1.7272200584 4.9091901779 396 tara1
5.9046697617 43.1235198975 397 tarr
137.2422027588 36.7434082031 398 tasu
13.7284297943 45.6799316406 399 ters
-3.4252200127 47.6178398132 400 tkdi
-146.7763824463 60.9477806091 401 toul
-0.306340009 39.4179115295 402 toya
-71.627822876 -33.0041389465 403 TR22
168.2958526611 -17.7475605011 404 tudy
12.4589700699 45.4211387634 405 vald2
-64.3595428467 -65.2602233887 406 vale
16.1660003662 41.9169502258 407 valp2
-65.4923782349 18.1117191315 408 vanu
-8.864109993 42.5325202942 409 VE19
83.2789611816 17.6619606018 410 vern
166.633026123 19.2992401123 411 VI12
12.0648002625 54.1472816467 412 vieq
174.7579345703 -41.3138389587 413 vil2
-89.3140182495 30.3169403076 414 vish
-157.4948120117 1.9673000574 415 wake
-65.8243789673 18.0749092102 416 warn
174.7579345703 -41.3138389587 417 wlgt
-89.3140182495 30.3169403076 418 wlms
-157.4948120117 1.9673000574 419 xmas
-65.8243789673 18.0749092102 420 yabu
