1 0 0 0 0 0 0 0 0	 ! https://schism-dev.github.io/schism/master/input-output/optional-inputs.html#stationin-bp-format
420	 ! number of stations
1 -65.8209294222 -47.7220535468 0 	!	 dese 197292.0000000000 -65.9150000000 -47.7540000000 2.0000000000 7880.7083916486
2 -64.7244751908 -43.1586384858 0 	!	 madry 286155.0000000000 -65.0310000000 -42.7630000000 20.0000000000 50572.1722996337
3 147.4531201771 -43.2413504748 0 	!	 bapj 260871.0000000000 147.3380000000 -42.8920000000 8.0000000000 39955.7961373076
4 122.1207431240 -18.0308532190 0 	!	 brom 186346.0000000000 122.2190000000 -18.0010000000 11.0000000000 10907.3865608394
5 145.9307131108 -41.0481191711 0 	!	 barn 68668.0000000000 145.9150000000 -41.0500000000 11.0000000000 1334.1543049676
6 117.8842634853 -15.0346367155 0 	!	 djve 24717.0000000000 117.9420000000 -15.0230000000 5684.0000000000 6333.9900771392
7 130.8190063454 -12.3887269789 0 	!	 bork 182084.0000000000 6.7494440000 53.5575000000 3.0000000000 9712.4117630376
8 150.8964076681 -34.5317995395 0 	!	 darw 64384.0000000000 130.8460000000 -12.4720000000 6.0000000000 6583.9219417391
9 114.2680006479 -21.8387424731 0 	!	 boul 254686.0000000000 1.5774600000 50.7275000000 32.0000000000 8307.7854837375
10 150.7827810590 -23.1424808971 0 	!	 pkem 304788.0000000000 150.9120000000 -34.4740000000 5.0000000000 2187.5029402431
11 147.9279721276 -42.5706593801 0 	!	 pmur 111619.0000000000 114.1910000000 -21.8170000000 20.0000000000 2772.7492604812
12 133.5749786783 -32.3476146968 0 	!	 ross 258745.0000000000 150.7900000000 -23.1610000000 2.0000000000 22941.0989353679
13 142.1753623758 -10.5365842033 0 	!	 sprg 137321.0000000000 147.9330000000 -42.5460000000 -0.0000000000 7495.4941204858
14 2.8817290979 51.2380994866 0 	!	 thev 70933.0000000000 133.6410000000 -32.1490000000 2.0000000000 3184.5820641127
15 -48.1837986041 -0.7863290850 0 	!	 trst 75953.0000000000 142.2220000000 -10.5860000000 1.0000000000 80747.4361879445
16 -125.1514350937 48.7537230500 0 	!	 oste 202840.0000000000 2.9270000000 51.2340000000 19.0000000000 9630.0538228964
17 -52.6461481657 47.6374997064 0 	!	 bele 173650.0000000000 -48.4960000000 -1.4420000000 113.0000000000 9326.9551555883
18 -124.8525845228 48.6473503991 0 	!	 bamf 59297.0000000000 -125.1400000000 48.8400000000 10.0000000000 145076.5946899967
19 -68.7262373525 -52.5584765504 0 	!	 stjo 284190.0000000000 -52.7200000000 47.5700000000 1.0000000000 100625.8724310739
20 -57.9549542576 -63.2711679726 0 	!	 vhbc 188993.0000000000 -123.1170000000 49.2830000000 55.0000000000 6162.1429118625
21 -70.8276512747 -27.0077687351 0 	!	 greg 44423.0000000000 -70.2090000000 -52.6480000000 10.0000000000 6369.2416554867
22 -71.5186451986 -29.9595648454 0 	!	 ohig3 142187.0000000000 -57.9010000000 -63.3210000000 440.0000000000 17724.5862851650
23 -73.4133620064 -39.7780576007 0 	!	 cald 93337.0000000000 -70.8250000000 -27.0650000000 4.0000000000 12169.6879131296
24 -71.5677419021 -32.1608805078 0 	!	 coqu 132809.0000000000 -71.3350000000 -29.9500000000 13.0000000000 4577.9249345908
25 -71.6859441596 -30.3129701291 0 	!	 corr 128375.0000000000 -73.4270000000 -39.8870000000 13.0000000000 7837.7472042459
26 -74.4227418630 -45.2357210850 0 	!	 pich 263607.0000000000 -71.5290000000 -32.1360000000 12.0000000000 127853.8293833480
27 -67.0626046548 -55.1838525389 0 	!	 ptal 247473.0000000000 -71.6080000000 -30.2920000000 1.0000000000 44696.6107467962
28 -71.5193955703 -32.7538258112 0 	!	 pcha 264416.0000000000 -72.8200000000 -45.4670000000 3.0000000000 2412.0754966000
29 -72.9865393752 -36.6422576667 0 	!	 pwil 5726.0000000000 -67.6110000000 -54.9330000000 7.0000000000 6325.1634866924
30 -72.9865393752 -36.6422576667 0 	!	 qtro 5726.0000000000 -71.5250000000 -32.7750000000 7.0000000000 12497.1207980906
31 178.2961833133 -18.1866340109 0 	!	 quir 102587.0000000000 -73.0570000000 -36.6360000000 49.0000000000 14718.2838178936
32 -1.5858201643 49.6716708079 0 	!	 talc 76320.0000000000 -73.1060000000 -36.7010000000 11.0000000000 3989.8293479829
33 45.2289000315 -12.7244991408 0 	!	 viti 199619.0000000000 178.4240000000 -18.1340000000 43.0000000000 7230.1408713153
34 -2.3299280027 46.9846781293 0 	!	 cher 98441.0000000000 -1.6300000000 49.6500000000 3.0000000000 5158.6731110602
35 167.9292817581 -21.6208912260 0 	!	 dzao 325390.0000000000 45.2580000000 -12.7830000000 1006.0000000000 9742.4805579126
36 -139.9901573153 -8.9112810003 0 	!	 herb 324176.0000000000 -2.2990000000 47.0260000000 335.0000000000 10426.8789891773
37 -2.9036064654 48.7178793329 0 	!	 mare 198585.0000000000 167.8770000000 -21.5480000000 8.0000000000 9811.6708963411
38 -2.9036064654 48.7178793329 0 	!	 nuku 198585.0000000000 -140.0850000000 -8.9150000000 8.0000000000 9811.6708963411
39 -149.5412537315 -23.4454632045 0 	!	 stqy 24208.0000000000 -2.8220000000 48.6480000000 2435.0000000000 13292.9872975994
40 8.5209942404 53.7929136963 0 	!	 stqy2 119706.0000000000 -2.8220000000 48.6480000000 2.0000000000 15334.9598900825
41 7.9568320105 54.1341491208 0 	!	 tubua 18162.0000000000 -149.4760000000 -23.3420000000 32.0000000000 6327.0394526041
42 8.2653126756 54.8547156082 0 	!	 cuxh 93739.0000000000 8.7170000000 53.8680000000 1.0000000000 10944.3351152989
43 8.2366300099 53.6071998882 0 	!	 helg 195849.0000000000 7.8910000000 54.1760000000 6.0000000000 2003653.1646408881
44 -1.5928429686 43.4725795862 0 	!	 horn 193221.0000000000 8.2970000000 54.7580000000 22.0000000000 1503293.2451724773
45 131.4057152752 31.5010559471 0 	!	 itea 135394.0000000000 22.4200000000 38.4300000000 27.0000000000 8787.5646762910
46 139.8856160197 40.6549032788 0 	!	 LA23 137674.0000000000 12.6040000000 35.5000000000 26.0000000000 3783.7574011977
47 132.0552670712 34.9232294254 0 	!	 abur 83917.0000000000 131.4100000000 31.5800000000 19.0000000000 2911.4594060023
48 145.5763753932 43.2554866045 0 	!	 fuka 97973.0000000000 139.9300000000 40.6500000000 12.0000000000 2774.2131230972
49 124.1218042553 24.3954933787 0 	!	 hmda 155295.0000000000 132.0700000000 34.9000000000 10.0000000000 8246.4658129891
50 135.7317076743 33.4605815718 0 	!	 hana 364387.0000000000 145.5700000000 43.2800000000 39.0000000000 4156.6547998256
51 144.3433773010 42.9807524901 0 	!	 ishig 268006.0000000000 124.1600000000 24.3300000000 9.0000000000 2167.3400932276
52 129.7948209068 32.4567693649 0 	!	 kusm 278286.0000000000 135.7700000000 33.4800000000 61.0000000000 32271.6368810178
53 127.6631302425 26.2377561734 0 	!	 kush 167499.0000000000 144.3700000000 42.9800000000 -0.0000000000 3161.5043158833
54 138.2329711976 34.7054174790 0 	!	 naga 363284.0000000000 129.8700000000 32.7400000000 3.0000000000 10676.0660102523
55 138.5108925257 38.2132640483 0 	!	 naha 363790.0000000000 127.6700000000 26.2100000000 50.0000000000 11895.1001651489
56 133.3218701475 36.2513518740 0 	!	 omae 24979.0000000000 138.2200000000 34.6100000000 25.0000000000 5756.4470459613
57 132.9807988360 32.7122691861 0 	!	 sado 48674.0000000000 138.5200000000 38.3200000000 91.0000000000 7778.4660799327
58 141.6016972712 45.3003009023 0 	!	 saig 344125.0000000000 133.3300000000 36.2000000000 4.0000000000 14014.1969301589
59 -171.7364588868 -2.7589255887 0 	!	 tosa 105056.0000000000 132.9600000000 32.7800000000 385.0000000000 5107.9336353224
60 -96.1965519017 15.6735147496 0 	!	 waka 66364.0000000000 141.6900000000 45.4100000000 900.0000000000 12034.9790215224
61 171.4438179193 -41.8276559699 0 	!	 kant 174863.0000000000 -171.7180000000 -2.8010000000 7.0000000000 8417.2295239061
62 15.9901890826 69.4319924216 0 	!	 huat 10005.0000000000 -96.1170000000 15.7500000000 278.0000000000 13079.1876838407
63 25.4341243297 71.1153740101 0 	!	 chst 349791.0000000000 171.4340000000 -41.9030000000 4.0000000000 24603.0840538570
64 4.9918785406 61.9192145119 0 	!	 ande 65065.0000000000 16.1350000000 69.3260000000 1.0000000000 6724.5748438488
65 10.9104312689 65.0106017816 0 	!	 honn 87532.0000000000 25.9730000000 70.9800000000 2.0000000000 22600.7680064372
66 7.4576769891 57.9983881524 0 	!	 malo 49950.0000000000 5.1170000000 61.9330000000 4.0000000000 5796.4700063981
67 30.9771846680 70.4671934430 0 	!	 rorv 82374.0000000000 11.2300000000 64.8590000000 18.0000000000 11288.1010328892
68 125.7304853952 6.8742930877 0 	!	 treg 332604.0000000000 7.5550000000 58.0060000000 887.0000000000 31981.3142777397
69 -176.2470211265 -9.5798423709 0 	!	 vard 158565.0000000000 31.1040000000 70.3750000000 4830.0000000000 6876.5582859667
70 -17.9391893043 27.6921478210 0 	!	 davo 237542.0000000000 125.6630000000 7.1540000000 1324.0000000000 10849.4937395759
71 -13.8054266894 28.5736653018 0 	!	 dapi 302972.0000000000 -176.2470000000 -9.5180000000 427.0000000000 10335.8636036017
72 -8.4257029272 43.3977100646 0 	!	 hie2 254629.0000000000 -17.9020000000 27.7840000000 19.0000000000 3996.9439367088
73 12.0785198695 57.2719234930 0 	!	 fue2 158131.0000000000 -13.8580000000 28.4930000000 15.0000000000 318490.5005894361
74 11.1040114179 58.8840734417 0 	!	 coru 18534.0000000000 -8.4000000000 43.3670000000 15.0000000000 433571.7559632606
75 14.4809714147 67.2553183903 0 	!	 arko 600.0000000000 16.9610000000 58.4840000000 3.0000000000 399921.7451849837
76 11.7126246493 57.6365256651 0 	!	 fors 174627.0000000000 18.2110000000 60.4090000000 12.0000000000 6981.7695791415
77 12.1101255985 65.3528589700 0 	!	 furu 331849.0000000000 21.2310000000 64.9160000000 1.0000000000 434475.6520877987
78 14.8246185691 67.5603565775 0 	!	 gokr 319523.0000000000 11.7710000000 57.6910000000 3.0000000000 419105.9716733856
79 12.7024661856 56.3483975016 0 	!	 holm 157097.0000000000 20.3470000000 63.6960000000 14.0000000000 132639.2775718493
80 12.2491284657 56.1424116537 0 	!	 kalit 222760.0000000000 23.0960000000 65.6970000000 7.0000000000 79880.1007401832
81 12.7024661856 56.3483975016 0 	!	 karl 157097.0000000000 14.8210000000 56.1540000000 14.0000000000 180455.7666599633
82 11.1040114179 58.8840734417 0 	!	 klag 18534.0000000000 12.8940000000 55.5220000000 15.0000000000 12625.9266976114
83 11.6514301980 57.8353886684 0 	!	 kung 340488.0000000000 15.5890000000 56.1050000000 4.0000000000 377091.7381397787
84 12.7754084158 56.6103157751 0 	!	 kungr 286251.0000000000 11.1270000000 58.9970000000 16.0000000000 274901.7620998926
85 12.7754084158 56.6103157751 0 	!	 land 286251.0000000000 17.8590000000 58.7690000000 16.0000000000 236392.0527823873
86 11.6514301980 57.8353886684 0 	!	 olan 340488.0000000000 17.0970000000 57.3660000000 4.0000000000 333102.7987248792
87 12.1101255985 65.3528589700 0 	!	 oska 331849.0000000000 16.4780000000 57.2750000000 1.0000000000 444259.0157598020
88 12.7754084158 56.6103157751 0 	!	 oxel 286251.0000000000 17.1250000000 58.6620000000 16.0000000000 252300.9576264231
89 12.7024661856 56.3483975016 0 	!	 rata 157097.0000000000 20.8950000000 63.9860000000 14.0000000000 135516.5049861615
90 11.0203434015 58.3112083637 0 	!	 simp 85817.0000000000 16.6760000000 57.4100000000 98.0000000000 12480.9799994648
91 11.8430391799 65.1260656944 0 	!	 simr 294249.0000000000 14.3580000000 55.5570000000 4.0000000000 415239.7286191434
92 12.7754084158 56.6103157751 0 	!	 smog 286251.0000000000 11.2180000000 58.3540000000 16.0000000000 351493.4556301701
93 39.0745073403 -6.2249667284 0 	!	 spik 53231.0000000000 17.5310000000 62.3630000000 1.0000000000 14605.9207471723
94 -175.2193031561 -21.1055903617 0 	!	 visb 321059.0000000000 18.2840000000 57.6390000000 22.0000000000 3566.3794581472
95 12.7024661856 56.3483975016 0 	!	 zanz 157097.0000000000 39.1830000000 -6.1500000000 14.0000000000 2151554.0898791170
96 8.5209942404 53.7929136963 0 	!	 nkfa 119706.0000000000 -175.1970000000 -21.1300000000 2.0000000000 2536055.4094736702
97 12.7024661856 56.3483975016 0 	!	 amas 157097.0000000000 32.3920000000 41.7440000000 14.0000000000 1947055.2072143741
98 12.7024661856 56.3483975016 0 	!	 anta 157097.0000000000 30.6130000000 36.8360000000 14.0000000000 2080624.3161301108
99 -2.0352441252 57.2182006187 0 	!	 igne 132604.0000000000 28.0240000000 41.8890000000 24.0000000000 9104.2799910044
100 -5.2297189888 54.4466736517 0 	!	 sile 238216.0000000000 29.6040000000 41.1800000000 109.0000000000 36997.2189281935
101 1.3175815415 52.9477280658 0 	!	 abed 122110.0000000000 -2.0800000000 57.1400000000 4.0000000000 2296.5334147258
102 1.3872112415 51.0566284436 0 	!	 bang 292762.0000000000 -5.6700000000 54.6600000000 31.0000000000 7567.1145629483
103 1.3557663489 51.9389544613 0 	!	 crom 53453.0000000000 1.3000000000 52.9300000000 9.0000000000 4672.1670051325
104 -3.3120207376 53.9971451951 0 	!	 dove 39100.0000000000 1.3200000000 51.1100000000 17.0000000000 25872.8149221880
105 -4.5586306293 53.2281582296 0 	!	 harw 337886.0000000000 1.2900000000 51.9500000000 16.0000000000 9973.5973567361
106 -4.1772662403 51.3329344768 0 	!	 heys 204439.0000000000 -2.9200000000 54.0300000000 35.0000000000 14448.4673758225
107 -5.1451506047 58.4787664476 0 	!	 holy2 249800.0000000000 -4.6200000000 53.3100000000 36.0000000000 5913.4135375334
108 -2.5619982521 56.0212849795 0 	!	 ilfa 106024.0000000000 -4.1100000000 51.2100000000 12.0000000000 38578.4081293636
109 -1.1801009237 60.1032986000 0 	!	 kinl 206177.0000000000 -5.0500000000 58.4600000000 20.0000000000 6068.6878988444
110 -3.1405440552 53.4308807200 0 	!	 leit 325453.0000000000 -3.1800000000 55.9900000000 -0.0000000000 8262.3307911500
111 1.7182730277 52.3472920099 0 	!	 lerw2 220928.0000000000 -1.1450000000 60.1550000000 13.0000000000 13813.1839086899
112 -5.1433371941 51.6731586290 0 	!	 live 238715.0000000000 -3.0200000000 53.4500000000 6.0000000000 7627.1716530764
113 -6.3073354034 55.4460311745 0 	!	 lowe 193613.0000000000 1.7500000000 52.4700000000 136.0000000000 94067.0317652811
114 -4.2815710875 51.5393980254 0 	!	 mhav 47380.0000000000 -5.0500000000 51.7100000000 11.0000000000 21125.6627384676
115 0.1001685827 50.7464449389 0 	!	 mill 62152.0000000000 -4.9100000000 55.7500000000 20.0000000000 4680.0953643397
116 -5.3878988990 50.0788390505 0 	!	 mumb 191261.0000000000 -3.9800000000 51.5700000000 18.0000000000 11386.3110444165
117 -4.1772662403 51.3329344768 0 	!	 nhav 204439.0000000000 0.0600000000 50.7800000000 35.0000000000 85754.2958638118
118 -1.4318657556 55.0638507018 0 	!	 newl2 349796.0000000000 -5.5430000000 50.1030000000 5.0000000000 6010.3156150722
119 -4.2843418287 50.3357038851 0 	!	 npor 95217.0000000000 -2.9900000000 51.5500000000 30.0000000000 7703.5903449409
120 -4.5664732167 54.6709913179 0 	!	 nshi 269911.0000000000 -1.4400000000 55.0100000000 17.0000000000 40183.2797772452
121 -6.7786709980 55.1866879004 0 	!	 plym 274706.0000000000 -4.1900000000 50.3700000000 4.0000000000 7964.8489027858
122 -1.0635610788 50.7614237578 0 	!	 porp 315681.0000000000 -5.1200000000 54.8400000000 8.0000000000 5390.7233003864
123 1.3929044735 51.3049609059 0 	!	 prus 29837.0000000000 -6.6600000000 55.2100000000 3.0000000000 48099.8641064460
124 -6.5571903239 58.3838221761 0 	!	 ptmt 256713.0000000000 -1.1100000000 50.8000000000 13.0000000000 21656.9714109590
125 -0.5067503108 54.4304421590 0 	!	 shee 359219.0000000000 0.7400000000 51.4500000000 20.0000000000 9401.7418366378
126 -3.1559196585 58.3264127632 0 	!	 stor 288987.0000000000 -6.3900000000 58.2100000000 53.0000000000 13201.9206049250
127 -4.0302829490 54.5972665755 0 	!	 whit 13806.0000000000 -0.6100000000 54.4900000000 44.0000000000 30205.6056393016
128 -122.5198096922 37.6985474177 0 	!	 wick 324674.0000000000 -3.0900000000 58.4400000000 16.0000000000 21146.5030832358
129 -123.6741437896 38.8570193072 0 	!	 work 281879.0000000000 -3.5700000000 54.6500000000 71.0000000000 6773.5290355395
130 -124.0249986580 46.2502694178 0 	!	 alam 67746.0000000000 -122.2980000000 37.7720000000 8.0000000000 20394.7426532654
131 -173.9917133987 52.2739550288 0 	!	 aren 14079.0000000000 -123.7050000000 38.9130000000 -0.0000000000 13192.7186761538
132 -74.5352442794 39.2853398855 0 	!	 asto 4264.0000000000 -123.7670000000 46.2080000000 4.0000000000 12716.8376441048
133 -75.0348259608 38.6914117056 0 	!	 atka 141842.0000000000 -174.1730000000 52.2320000000 16.0000000000 147948.9747934333
134 -68.0125593063 44.3430737581 0 	!	 acnj 253283.0000000000 -74.4180000000 39.3550000000 42.0000000000 16235.6918554377
135 -76.7603281546 34.6798231256 0 	!	 bamd 16360.0000000000 -76.5780000000 39.2670000000 12.0000000000 9388.6642969670
136 -70.9675704212 42.4072749381 0 	!	 bame 275966.0000000000 -68.2050000000 44.3920000000 9.0000000000 9048.7069608178
137 -73.1217878176 40.7056484253 0 	!	 benc 326056.0000000000 -76.6700000000 34.7200000000 3.0000000000 52212.6547971014
138 -64.9847757130 18.2788403290 0 	!	 boma 173776.0000000000 -71.0520000000 42.3550000000 39.0000000000 9260.4885393195
139 -124.7460192991 48.4716824485 0 	!	 bgct 122923.0000000000 -73.1820000000 41.1730000000 260.0000000000 152334.1867249741
140 -82.8422553592 28.0465689272 0 	!	 amal 126872.0000000000 -64.9200000000 18.3350000000 4.0000000000 7690.6957054287
141 -124.2400882295 41.8464270321 0 	!	 chrp 231905.0000000000 -122.7580000000 48.8630000000 -0.0000000000 12230.8650890487
142 154.0763495695 11.9371198764 0 	!	 cwfl 279480.0000000000 -82.8320000000 27.9780000000 5919.0000000000 18465.4223433008
143 171.6368131869 50.1417317371 0 	!	 cres 311185.0000000000 -124.1830000000 41.7450000000 4154.0000000000 18581.9975861548
144 -75.7567452411 36.2387688948 0 	!	 dkwa 180807.0000000000 153.9070000000 11.9260000000 8.0000000000 6262.5504612636
145 -166.5426633665 54.1171733943 0 	!	 datu 244528.0000000000 171.8970000000 50.1530000000 101.0000000000 26046.5518707943
146 -136.7470702889 58.0747302980 0 	!	 dpnc 138616.0000000000 -75.7470000000 36.1830000000 275.0000000000 27122.0661048825
147 -122.5198096922 37.6985474177 0 	!	 dutc 324674.0000000000 -166.5330000000 53.8830000000 16.0000000000 12986.4796875009
148 144.6908376538 13.4856408183 0 	!	 elak 307149.0000000000 -136.3430000000 58.1930000000 43.0000000000 6760.3092173378
149 -155.0732176346 19.7498557545 0 	!	 fpnt 225834.0000000000 -122.4650000000 37.8070000000 23.0000000000 2459.5747606076
150 -156.5077041096 20.9713608117 0 	!	 guam 257283.0000000000 144.6520000000 13.4380000000 26.0000000000 8960.5766171807
151 -155.8452481926 20.0275327478 0 	!	 hilo 48239.0000000000 -155.0580000000 19.7330000000 1.0000000000 1673.8994359813
152 -81.8694476440 24.6309250741 0 	!	 kahu 335748.0000000000 -156.4720000000 20.8980000000 3.0000000000 10662.0922368338
153 -117.2894071318 32.8047564743 0 	!	 kawa 200983.0000000000 -155.8320000000 20.0360000000 7.0000000000 7517.5027060289
154 -64.7706445425 17.6823066628 0 	!	 kwfl 268690.0000000000 -81.8080000000 24.5530000000 494.0000000000 2258.6117707206
155 144.7901356191 13.3372002311 0 	!	 lajo 122101.0000000000 -117.2580000000 32.8670000000 479.0000000000 10123.7430160922
156 -120.6497385643 35.1020120322 0 	!	 lime 243233.0000000000 -64.7540000000 17.6950000000 21.0000000000 11916.9158607724
157 -160.7002611569 55.1784728813 0 	!	 pagb 142881.0000000000 144.7970000000 13.4280000000 1.0000000000 21646.3897637083
158 -135.5124487737 56.8261215873 0 	!	 pslu 117932.0000000000 -120.7530000000 35.1680000000 1.0000000000 27161.4362858750
159 -124.1564912234 46.9092571999 0 	!	 sdpt 239604.0000000000 -160.5020000000 55.3370000000 7.0000000000 3534.4411318987
160 -70.6901968501 41.3249075336 0 	!	 sitk 283780.0000000000 -135.3420000000 57.0520000000 18.0000000000 22079.0681561746
161 -139.7301706759 59.4729105763 0 	!	 wpwa 124681.0000000000 -124.1100000000 46.9080000000 25.0000000000 8354.0072395368
162 79.8405711260 6.8498288719 0 	!	 wood 237142.0000000000 -70.6720000000 41.5230000000 5.0000000000 10191.0601036773
163 -177.6835047602 -36.1238305500 0 	!	 yaku 130665.0000000000 -139.7350000000 59.5480000000 5767.0000000000 8606.9944731053
164 -130.6496415163 54.0508250032 0 	!	 colo 178197.0000000000 79.8500000000 6.9410000000 1.0000000000 36667.3473186738
165 144.3168770530 43.9954212812 0 	!	 dnze 123762.0000000000 -177.7080000000 -36.0490000000 29.0000000000 3477.0593199797
166 -89.9369596309 13.6336311416 0 	!	 prin2 314672.0000000000 -130.3170000000 54.3170000000 22.0000000000 12584.2253446351
167 -99.9535601202 16.8571953800 0 	!	 abas 307917.0000000000 144.2900000000 44.0200000000 7.0000000000 5791.3491804530
168 -176.6772233879 51.9742866566 0 	!	 acaj 168928.0000000000 -89.8381280000 13.5737920000 17.0000000000 12757.2765878968
169 -176.6772233879 51.9742866566 0 	!	 acap2 168928.0000000000 -99.9030000000 16.8379333000 17.0000000000 12757.2765878968
170 -1.4057983374 43.8698268955 0 	!	 adak 124083.0000000000 -176.6320000000 51.8630000000 37.0000000000 855408.7783327322
171 -5.6594614293 36.0356896092 0 	!	 adak2 91708.0000000000 -176.6320000000 51.8630000000 52.0000000000 525228.4822709402
172 -154.4090446832 56.9494617838 0 	!	 ajac 278151.0000000000 8.7600000000 41.9200000000 3.0000000000 11348.0663829804
173 -5.6594614293 36.0356896092 0 	!	 alac2 91708.0000000000 -0.4813889000 38.3388889000 52.0000000000 297962.6917235326
174 3.4873724694 51.4775670054 0 	!	 alak2 127575.0000000000 -154.2481000000 56.8975000000 -0.0000000000 1150221.5299506392
175 -151.7096787918 60.8963299307 0 	!	 alme 152855.0000000000 -2.4783500000 36.8300200000 2.0000000000 105098.4124591519
176 -70.4609345805 -23.7251451823 0 	!	 AN15 8145.0000000000 13.5065166667 43.6247666667 63.0000000000 9751.0025224889
177 -85.0982102557 29.6014799167 0 	!	 anch2 34941.0000000000 -149.8880000000 61.2380000000 6.0000000000 17913.1554058265
178 -91.2440335613 29.3942953344 0 	!	 anto2 314569.0000000000 -70.4046243600 -23.6542151700 2.0000000000 10991.9049730109
179 -66.7172826445 18.4911761474 0 	!	 apfl 53338.0000000000 -84.9820000000 29.7270000000 19.0000000000 1967.8855247278
180 -1.2290712719 44.6086716820 0 	!	 apla 338596.0000000000 -91.3381000000 29.4496000000 9.0000000000 8130.6285741289
181 -70.3246381093 -18.4459181471 0 	!	 aracS 245671.0000000000 -66.7024000000 18.4805000000 6.0000000000 3326.0256171031
182 56.4296830221 26.2667403451 0 	!	 arca 4015.0000000000 -1.1635500000 44.6650000000 26.0000000000 2246800.8115883321
183 -4.6375327871 48.0062478105 0 	!	 aric2 327790.0000000000 -70.3232305000 -18.4758000000 22.0000000000 7655.8845169296
184 -1.3517167023 44.0754170081 0 	!	 arsu 122218.0000000000 35.8851900000 36.4155900000 23.0000000000 1177033.9506961482
185 -1.2290712719 44.6086716820 0 	!	 audi 338596.0000000000 -4.5372000000 48.0216000000 9.0000000000 1520611.9014711597
186 -1.5928429686 43.4725795862 0 	!	 AZ42 193221.0000000000 12.6347972222 41.4468583333 22.0000000000 388986.9960002339
187 115.2555246146 -8.7295225555 0 	!	 BA05 207653.0000000000 16.8660333333 41.1402055556 17.0000000000 5941.1976388677
188 -3.1573458886 43.3717935096 0 	!	 barc 321241.0000000000 2.1657000000 41.3417700000 15.0000000000 9347.4448742566
189 57.7377538163 -20.3837522495 0 	!	 beno 100536.0000000000 115.2166000000 -8.7666000000 35.0000000000 7271.9376300536
190 -6.4257396151 36.8226196223 0 	!	 bil3 266076.0000000000 -3.0451300000 43.3515300000 1.0000000000 8122.7320010394
191 6.7133929501 53.6478058850 0 	!	 blueb 164713.0000000000 57.7109500000 -20.4441333300 -0.0000000000 10319.4470683088
192 1.5641779776 50.8404125932 0 	!	 bon2 181925.0000000000 -6.3381300000 36.8022100000 21.0000000000 12589.9822809732
193 56.4296830221 26.2667403451 0 	!	 djve 4015.0000000000 117.9420000000 -15.0230000000 26.0000000000 2478494.4272386786
194 -4.7906922911 48.4684110910 0 	!	 bork 117849.0000000000 6.7494440000 53.5575000000 23.0000000000 23595.6870912226
195 -158.1071110144 21.2797712118 0 	!	 darw 110954.0000000000 130.8460000000 -12.4720000000 405.0000000000 4840.9842617368
196 -73.7789708781 40.5731813043 0 	!	 boul 240187.0000000000 1.5774600000 50.7275000000 5.0000000000 24748.7102079673
197 -68.9943645220 12.2425484659 0 	!	 bozy 23774.0000000000 32.9413108826 36.0974197388 22.0000000000 6725.2288088362
198 -1.4652224536 43.6512512732 0 	!	 bres 190038.0000000000 -4.5000000000 48.3800000000 29.0000000000 1009713.8383037372
199 -77.1587826502 -11.9412010906 0 	!	 brpt 159823.0000000000 -158.1193000000 21.3218000000 2.0000000000 14237.3187830911
200 -5.6594614293 36.0356896092 0 	!	 btny2 91708.0000000000 -74.0200000000 40.7000000000 52.0000000000 351857.7715433929
201 -9.3190891366 38.6545642613 0 	!	 bull 237507.0000000000 -69.0196139000 12.1873306000 5.0000000000 9396.6900070173
202 -75.0348259608 38.6914117056 0 	!	 CA02 141842.0000000000 9.1142000000 39.2101000000 16.0000000000 90724.6597199350
203 -1.2290712719 44.6086716820 0 	!	 call 338596.0000000000 -77.1668000000 -12.0690000000 9.0000000000 867947.9833475013
204 -1.4652224536 43.6512512732 0 	!	 carb 190038.0000000000 -1.8995900000 36.9743000000 29.0000000000 1513515.4347027671
205 -1.5928429686 43.4725795862 0 	!	 casc 193221.0000000000 -9.4153840000 38.6931580000 22.0000000000 955928.1683334605
206 142.1101052495 27.0766092067 0 	!	 cbmd 108671.0000000000 -76.0683000000 38.5733000000 126.0000000000 8048.6613617025
207 105.6564418912 -10.3355041754 0 	!	 cent 356274.0000000000 9.3501460000 42.9669040000 489.0000000000 10535.0295748206
208 91.7414852920 22.3459706109 0 	!	 CETR 205679.0000000000 15.9201710000 39.5267700000 4.0000000000 8704.2217913732
209 151.8647156520 7.4385133661 0 	!	 CF06 223966.0000000000 8.3081000000 39.1436000000 1.0000000000 4063.1756439691
210 -1.2290712719 44.6086716820 0 	!	 chij 338596.0000000000 142.1900000000 27.0900000000 9.0000000000 1087817.7837039987
211 109.0583107447 -7.7179502294 0 	!	 chrs 119222.0000000000 105.6693000000 -10.4294000000 4.0000000000 7347.0769408754
212 -74.8743360591 38.9089680413 0 	!	 chtt 176529.0000000000 91.8250000000 22.3333000000 11.0000000000 9920.6700318834
213 96.8123667007 -12.0473937264 0 	!	 chuu 283949.0000000000 151.8982417000 7.4536833000 507.0000000000 11583.3800754221
214 76.2313010246 9.9184928894 0 	!	 CI20 28311.0000000000 11.7896472222 42.0939583333 5.0000000000 5584.0822216058
215 -3.9362140818 47.8545533875 0 	!	 cili 315884.0000000000 109.0000000000 -7.7500000000 11.0000000000 3026.4707484711
216 -145.8041540872 60.4421142309 0 	!	 cmnj 247729.0000000000 -74.9600000000 38.9683000000 3.0000000000 13186.8073125498
217 -93.3525981158 29.7395479890 0 	!	 cocb 334973.0000000000 96.8919000000 -12.1167000000 5.0000000000 3320.6663623547
218 -1.4652224536 43.6512512732 0 	!	 coch 190038.0000000000 76.2600000000 9.9600000000 29.0000000000 1629193.9864791096
219 -1.4652224536 43.6512512732 0 	!	 conc 190038.0000000000 -3.9073800000 47.8737000000 29.0000000000 1553163.0800020280
220 -67.2131754228 44.6220816955 0 	!	 cord 15358.0000000000 -145.7530000000 60.5580000000 65.0000000000 3853.9083704823
221 -17.5060376082 14.6980360491 0 	!	 cpla 93769.0000000000 -93.3429000000 29.7682000000 44.0000000000 9573.2389668258
222 -169.9387573910 49.6712382853 0 	!	 CR08 349240.0000000000 17.1370555556 39.0835805556 5372.0000000000 4922.8801173236
223 158.2719940313 7.0030670910 0 	!	 CT03 295164.0000000000 15.0938000000 37.4980000000 22.0000000000 8318.7873909160
224 7.0938018453 53.5371181689 0 	!	 cwme 256055.0000000000 -67.2100000000 44.6566670000 1.0000000000 25718.1602944574
225 4.6927519356 53.0432424864 0 	!	 dakar 283229.0000000000 -17.4200000000 14.6760000000 1.0000000000 9474.9032754242
226 1.1026605447 49.9548605724 0 	!	 dchu 195069.0000000000 -169.8717000000 49.6625000000 14.0000000000 3039.5579390795
227 1.1026605447 49.9548605724 0 	!	 deke 195069.0000000000 158.2001000000 6.9806000000 14.0000000000 3039.5579390795
228 -148.4042532801 55.2553602304 0 	!	 delf 306852.0000000000 6.9329699417 53.3266112653 4111.0000000000 11050.1318885612
229 -129.6399558477 48.8571523998 0 	!	 denh 299486.0000000000 4.7434234427 52.9636753352 2804.0000000000 5105.7559938131
230 -157.0882963408 52.6991941511 0 	!	 diep 36378.0000000000 1.0850000000 49.9300000000 4567.0000000000 21275.1232770587
231 2.1791045454 51.0421995164 0 	!	 diep2 37636.0000000000 1.0850000000 49.9300000000 11.0000000000 13130.8369577452
232 -109.3611252919 -27.1667220108 0 	!	 dkod 177791.0000000000 -148.5500000000 55.3100000000 246.0000000000 7858.2276233426
233 -79.0511545024 9.4732351687 0 	!	 dsea 141361.0000000000 -129.6219000000 48.8128000000 -0.0000000000 14644.6366759063
234 -66.9736270230 44.7902616059 0 	!	 dshu 39425.0000000000 -156.7783000000 52.6633000000 61.0000000000 12601.2342483912
235 56.4296830221 26.2667403451 0 	!	 dunk 4015.0000000000 2.3666980000 51.0480900000 26.0000000000 2387099.3682498238
236 121.8143508187 -33.9154409112 0 	!	 east2 316214.0000000000 -109.4394260000 -27.1548500000 62.0000000000 8971.7936332792
237 3.2334484540 51.9135677391 0 	!	 elpo 184942.0000000000 -78.9491800000 9.5582700000 22.0000000000 9772.4616837378
238 -65.6104273134 18.3215651715 0 	!	 epme 322924.0000000000 -66.9850000000 44.9033000000 13.0000000000 2559.7554267738
239 -81.4207535029 30.6248147202 0 	!	 erdem 221312.0000000000 34.2553871900 36.5637289200 8.0000000000 6741.2503694118
240 147.0700860033 -19.3082335219 0 	!	 espe 178094.0000000000 121.8954000000 -33.8709000000 5.0000000000 3651.7641742275
241 -1.2290712719 44.6086716820 0 	!	 euro 338596.0000000000 3.2746870029 51.9976988652 9.0000000000 663999.0441987556
242 -82.2193220449 26.5473771757 0 	!	 faja 223648.0000000000 -65.6311000000 18.3336000000 6.0000000000 36558.4017270691
243 179.2442288633 -8.5183895721 0 	!	 fbfl 217690.0000000000 -81.4650000000 30.6720000000 2676.0000000000 5678.2781670802
244 -38.3973026538 -3.7990477767 0 	!	 ferg 27210.0000000000 147.0584000000 -19.2773000000 2.0000000000 11966.7394339059
245 -80.9258868245 31.9264980086 0 	!	 figu 60840.0000000000 6.9337670000 43.4835320000 7.0000000000 12054.8882749193
246 -166.3948475143 23.8587636051 0 	!	 fmfl 32735.0000000000 -81.8700000000 26.6500000000 111.0000000000 11410.5384377833
247 -61.0714833814 14.5729155572 0 	!	 fong 311775.0000000000 179.1949000000 -8.5033000000 56.0000000000 3315.1393540341
248 -1.3517167023 44.0754170081 0 	!	 fort 122218.0000000000 -38.4667000000 -3.7166666670 23.0000000000 1260994.3511546918
249 -134.8744458540 -23.1911803328 0 	!	 fpga 99749.0000000000 -80.9020000000 32.0330000000 360.0000000000 12643.3783766196
250 -2.1320663191 43.3105706249 0 	!	 fren 96393.0000000000 -166.2830000000 23.8670000000 -0.0000000000 507650.1051081811
251 73.1007349575 -0.6450586648 0 	!	 ftfr 69865.0000000000 -61.0633330000 14.6016670000 1125.0000000000 7424.2081438248
252 72.4895974092 -7.2809759879 0 	!	 GA37 155207.0000000000 13.5897361111 41.2099916667 400.0000000000 10609.0869465734
253 -1.1553526336 45.5199250102 0 	!	 gamb 206367.0000000000 -134.9688880000 -23.1177740000 1.0000000000 802097.0786504721
254 -1.4652224536 43.6512512732 0 	!	 gand 190038.0000000000 -0.1513900000 38.9952100000 29.0000000000 1491483.9551304644
255 -5.6594614293 36.0356896092 0 	!	 ganm 91708.0000000000 73.1520278000 -0.6878056000 52.0000000000 29260.4721749427
256 -5.9655954892 43.5992657862 0 	!	 garc 292197.0000000000 72.3938750000 -7.2903361000 -0.0000000000 22010.2598186634
257 -89.9268266886 29.2553264091 0 	!	 GE25 79210.0000000000 8.9255000000 44.4101000000 6.0000000000 3030.5555118383
258 8.5209942404 53.7929136963 0 	!	 GI20 119706.0000000000 15.1932720000 38.7840290000 2.0000000000 1991373.9496647101
259 -94.8348147146 29.2406292904 0 	!	 gibr3 339857.0000000000 -5.3650130000 36.1480830000 9.0000000000 8714.9146789676
260 141.0216498326 41.9103880348 0 	!	 gij2 179263.0000000000 -5.6983500000 43.5580300000 41.0000000000 28888.7151936230
261 73.0812276229 6.7701365843 0 	!	 gila 220401.0000000000 -89.9567000000 29.2633000000 8.0000000000 9445.5899654883
262 5.3422434409 53.4354106965 0 	!	 gokc 2104.0000000000 25.8936100006 40.2313919067 1.0000000000 29252.2787581634
263 115.7090672859 -31.7865341832 0 	!	 gptx 322239.0000000000 -94.7930000000 29.3100000000 1.0000000000 5153.7914064388
264 -139.0974323608 -9.7231776335 0 	!	 hako 166672.0000000000 140.7200000000 41.7800000000 107.0000000000 11407.0190778568
265 3.8746597388 52.0439150359 0 	!	 hani 315072.0000000000 73.1667000000 6.7667000000 21.0000000000 18313.2640525284
266 -1.2868448822 45.8697607047 0 	!	 harl 358479.0000000000 5.4109729078 53.1755641043 6.0000000000 17608.4517614853
267 8.2366300099 53.6071998882 0 	!	 hill 195849.0000000000 115.7386000000 -31.8255000000 6.0000000000 2478953.3299118993
268 -1.2290712719 44.6086716820 0 	!	 hiva 338596.0000000000 -139.0344690000 -9.8048690000 9.0000000000 1377932.3795815923
269 168.7391177896 -43.9713603778 0 	!	 hoek 123059.0000000000 4.1194910666 51.9774704941 1.0000000000 9846.7652217761
270 -2.0138026526 49.2745783199 0 	!	 iaix 285700.0000000000 -1.1742400000 46.0074000000 21.0000000000 13041.0953145070
271 -169.4452530336 16.7085980475 0 	!	 iera 310190.0000000000 25.7385292053 35.0037498474 631.0000000000 8972.5526633089
272 -78.7287210606 -33.6350890024 0 	!	 IT45 176487.0000000000 15.5015666667 42.1188805556 309.0000000000 9365.7949748816
273 -1.4652224536 43.6512512732 0 	!	 jack 190038.0000000000 168.6161000000 -43.9733000000 29.0000000000 2120937.7462051585
274 154.9180178829 1.1232572201 0 	!	 jers 78658.0000000000 -2.1200000000 49.1800000000 1766.0000000000 13362.9214331843
275 67.0097318554 24.7937821129 0 	!	 john 131741.0000000000 -169.5233000000 16.7390000000 1.0000000000 4032.3636180586
276 -1.4652224536 43.6512512732 0 	!	 juan 190038.0000000000 -78.8298810000 -33.6360170000 29.0000000000 2027383.7086398411
277 70.4640615288 -49.4483344138 0 	!	 kala 351567.0000000000 22.1098330000 37.0215330000 4.0000000000 21070.7796029580
278 70.4640615288 -49.4483344138 0 	!	 kapi 351567.0000000000 154.8066861000 1.0779583000 4.0000000000 21070.7796029580
279 8.7376525553 54.2747998637 0 	!	 kara 119061.0000000000 66.9750000000 24.8117000000 3.0000000000 102616.1144956455
280 -152.2800373405 57.5044493969 0 	!	 kata 13306.0000000000 21.3192330000 37.6404500000 5.0000000000 28798.3585297238
281 167.7734931614 8.6302157649 0 	!	 kerg 70172.0000000000 70.2200000000 -49.3450000000 3560.0000000000 12456.4224450798
282 -1.1897459698 45.2524606929 0 	!	 kerg2 259516.0000000000 70.2200000000 -49.3450000000 5.0000000000 882220.4112361290
283 -80.8510665302 -2.1683938926 0 	!	 kiel 312612.0000000000 10.2747220000 54.4997220000 9.0000000000 8237.7367211089
284 -64.7458710338 18.3003538783 0 	!	 kodi2 122074.0000000000 -152.5120000000 57.7317000000 23.0000000000 3028.4456965248
285 40.8328133404 -2.3473343841 0 	!	 kwaj 326271.0000000000 167.7383000000 8.7367000000 4.0000000000 11666.7992557759
286 -1.4315790342 46.0408627727 0 	!	 LA38 150496.0000000000 9.8576000000 44.0966000000 12.0000000000 20870.9920274408
287 -4.8286094188 48.2883469794 0 	!	 lali 164707.0000000000 -80.9064000000 -2.2177000000 23.0000000000 8740.5232506972
288 -3.0664237306 47.3261703105 0 	!	 lame2 107863.0000000000 -64.7242000000 18.3182000000 22.0000000000 27306.7832065204
289 123.9855199542 13.3098008303 0 	!	 lamu 228632.0000000000 40.9000000000 -2.2667000000 12.0000000000 30606.8918171092
290 0.0831901769 49.5815692690 0 	!	 larp 182636.0000000000 -1.2206500000 46.1585000000 3.0000000000 11204.1978471553
291 116.0389168431 -8.7051970893 0 	!	 leco 29658.0000000000 -4.7800000000 48.3600000000 5.0000000000 4646.9609493756
292 -1.6736080243 46.4206336863 0 	!	 lecy 243112.0000000000 -2.8951500000 47.5427000000 15.0000000000 12558.5198432811
293 177.4495246483 -17.5662035031 0 	!	 lega 275240.0000000000 123.7581170000 13.1462140000 11.0000000000 4464.3214835880
294 -1.2290712719 44.6086716820 0 	!	 leha 338596.0000000000 0.1059900000 49.4819000000 9.0000000000 927666.1375119601
295 -66.9923812541 17.9327515297 0 	!	 lemba 64547.0000000000 116.0722500000 -8.7309055560 16.0000000000 7063.9318100619
296 37.9388083659 -46.8871239431 0 	!	 leso 212737.0000000000 -1.7937300000 46.4975000000 736.0000000000 5932.7851222641
297 -5.6594614293 36.0356896092 0 	!	 levu 91708.0000000000 177.4383000000 -17.6049000000 52.0000000000 134254.4266775098
298 134.4362633410 7.2368955540 0 	!	 LI11 63571.0000000000 10.2993388889 43.5462861111 668.0000000000 10268.3028583053
299 73.4366132843 4.1448316994 0 	!	 magi 120169.0000000000 -67.0464000000 17.9701000000 29.0000000000 10906.7589067694
300 120.6010687426 14.3527239043 0 	!	 mais 313217.0000000000 37.8667000000 -46.8667000000 28.0000000000 47356.9354525902
301 -1.3517167023 44.0754170081 0 	!	 mal3 122218.0000000000 -4.4170900000 36.7118400000 23.0000000000 546214.2894784857
302 171.3803450013 7.1910697144 0 	!	 mala 227237.0000000000 134.4502000000 7.3282000000 2120.0000000000 9487.7642612927
303 -72.0930744104 -17.0302268267 0 	!	 Male2 256171.0000000000 73.5251889000 4.1874556000 278.0000000000 3664.6790214519
304 -67.2042162601 18.1139432783 0 	!	 mani 330251.0000000000 120.9716000000 14.5822000000 10.0000000000 12484.9998245602
305 -1.2290712719 44.6086716820 0 	!	 mars 338596.0000000000 5.3558000000 43.2911000000 9.0000000000 944429.7642195257
306 -1.4652224536 43.6512512732 0 	!	 marsh 190038.0000000000 171.3725000000 7.1061000000 29.0000000000 1550256.4475240195
307 8.2366300099 53.6071998882 0 	!	 mata 195849.0000000000 -72.1088000000 -17.0009000000 6.0000000000 2196733.6274776524
308 139.8303677534 35.0095792957 0 	!	 maya 314820.0000000000 -67.1588000000 18.2176000000 35.0000000000 9960.8195860228
309 -177.4321576618 28.1195224582 0 	!	 MC41 131836.0000000000 10.2383333333 42.7426333333 2854.0000000000 12261.8524198926
310 153.8808889859 24.2525109425 0 	!	 ME13 153126.0000000000 15.5635000000 38.1963000000 4068.0000000000 10411.7342342809
311 -104.3342751402 19.0810948400 0 	!	 ment 115273.0000000000 26.7166423798 38.4276885986 1.0000000000 4218.1708547727
312 -67.8567382513 18.1873381968 0 	!	 mera 15065.0000000000 139.8300000000 34.9200000000 408.0000000000 13835.7531138105
313 -1.2290712719 44.6086716820 0 	!	 midx 338596.0000000000 -177.3560000000 28.2070000000 9.0000000000 696532.0913704927
314 -72.0342586260 40.9703968442 0 	!	 mins 158477.0000000000 153.9783000000 24.2822000000 25.0000000000 10670.6030722663
315 -5.6594614293 36.0356896092 0 	!	 mnza 91708.0000000000 -104.3005333000 19.0605500000 52.0000000000 205801.3533911956
316 8.2366300099 53.6071998882 0 	!	 mona2 195849.0000000000 -67.9383000000 18.0900000000 6.0000000000 2425247.7507270123
317 -1.3517167023 44.0754170081 0 	!	 monc 122218.0000000000 7.4215800000 43.7286700000 23.0000000000 1328721.4806237910
318 -60.9651557682 56.6552722532 0 	!	 mony 66117.0000000000 -71.9600000000 41.0483000000 1.0000000000 45291.6231616066
319 166.8098942261 -0.4771870099 0 	!	 motr 131513.0000000000 -3.5236000000 36.7202400000 3054.0000000000 12606.9660478765
320 -159.3166651735 22.0411466314 0 	!	 mrms 308251.0000000000 28.3848457336 36.8379898071 164.0000000000 10368.6252276253
321 -165.0659558642 64.4250700747 0 	!	 NA23 224244.0000000000 14.2692000000 40.8397000000 2.0000000000 19337.8485046661
322 -52.1066488462 64.1015200819 0 	!	 nain 164754.0000000000 -61.6800000000 56.5500000000 37.0000000000 20305.0688294004
323 166.3756722623 -22.2287436801 0 	!	 nauu 295433.0000000000 166.9092000000 -0.5319000000 23.0000000000 4197.1874056824
324 141.6638413025 38.9336719496 0 	!	 nawi 129226.0000000000 -159.3600000000 21.9570000000 61.0000000000 12149.7048788337
325 -1.2290712719 44.6086716820 0 	!	 nome 338596.0000000000 -165.4300000000 64.5000000000 9.0000000000 1284672.3005339706
326 8.2366300099 53.6071998882 0 	!	 nuk1 195849.0000000000 -51.7198130000 64.1713012000 6.0000000000 1683823.9694968159
327 -0.1815913091 49.3042498443 0 	!	 numb2 338289.0000000000 166.4116000000 -22.2466000000 7.0000000000 5619.5743587598
328 -1.4652224536 43.6512512732 0 	!	 ofun 190038.0000000000 141.7500000000 39.0200000000 29.0000000000 1387803.6567427721
329 -134.6332238806 56.2085103153 0 	!	 OR24 348378.0000000000 14.4148611111 42.3559000000 274.0000000000 4327.4284408811
330 -134.6332238806 56.2085103153 0 	!	 OT15 348378.0000000000 18.4969000000 40.1464000000 274.0000000000 4327.4284408811
331 -170.6125787981 -14.3530828030 0 	!	 ouis 339390.0000000000 -0.2490300000 49.2793600000 2670.0000000000 11965.4488400907
332 -1.5928429686 43.4725795862 0 	!	 PA07 193221.0000000000 13.3713000000 38.1214000000 22.0000000000 559579.4725238845
333 -22.9999477479 16.6439156481 0 	!	 paak 351388.0000000000 -134.6467000000 56.2467000000 635.0000000000 12478.6255819261
334 -149.6312473400 -17.5938219521 0 	!	 paak2 137543.0000000000 -134.6467000000 56.2467000000 18.0000000000 9198.1230025624
335 -25.7282361679 37.7305527952 0 	!	 pago 95128.0000000000 -170.6907000000 -14.2766000000 47.0000000000 4242.5315611204
336 -1.4652224536 43.6512512732 0 	!	 palm 190038.0000000000 2.6374800000 39.5601500000 29.0000000000 1449219.4502087955
337 8.2366300099 53.6071998882 0 	!	 palm1 195849.0000000000 -22.9833000000 16.7550000000 6.0000000000 2102214.7225738880
338 -158.0342021283 -8.9379060878 0 	!	 pape2 146935.0000000000 -149.5731650000 -17.5323700000 61.0000000000 7254.2665758795
339 -1.4057983374 43.8698268955 0 	!	 pdas 124083.0000000000 -25.6800000000 37.7300000000 37.0000000000 1441142.3444902748
340 -57.5033597281 -37.8941429476 0 	!	 PE09 17905.0000000000 13.5268400000 37.2857600000 6.0000000000 12183.9496304420
341 -162.1766533488 5.9305332534 0 	!	 peir 185894.0000000000 23.6212170000 37.9347330000 593.0000000000 10591.0651665555
342 -73.2111740939 -41.8157713516 0 	!	 penr 54784.0000000000 -158.0510000000 -9.0010000000 21.0000000000 42259.7578837992
343 -87.1297743476 30.3145795964 0 	!	 PL14 118720.0000000000 15.2752916667 40.0299111111 18.0000000000 12605.8768047271
344 -1.4057983374 43.8698268955 0 	!	 plat2 124083.0000000000 -57.5385055600 -38.0001527800 37.0000000000 1224061.4165785222
345 141.5923846693 -38.4094636246 0 	!	 plmy 358664.0000000000 -162.0900000000 5.8900000000 1.0000000000 7566.7184390889
346 -1.1553526336 45.5199250102 0 	!	 pmon2 206367.0000000000 -72.9608580000 -41.4849310000 1.0000000000 9083.7374049323
347 -61.6996191219 11.9811299106 0 	!	 pnfl 322306.0000000000 -87.2120000000 30.4030000000 346.0000000000 7588.3829932509
348 -148.1777961997 70.3593467292 0 	!	 PO40 360276.0000000000 12.9655888889 40.8951777778 1.0000000000 12809.8928246093
349 -89.3135403975 29.0172464026 0 	!	 porl 153109.0000000000 141.6132000000 -38.3434000000 6.0000000000 13138.1059300443
350 -1.4652224536 43.6512512732 0 	!	 port 190038.0000000000 -1.0615700000 45.5685000000 29.0000000000 869647.3832730424
351 92.7811268981 11.7222570480 0 	!	 pric 99963.0000000000 -61.7648280000 12.0053920000 52.0000000000 5231.6539142927
352 -1.4652224536 43.6512512732 0 	!	 prud 190038.0000000000 -148.5100000000 70.3880000000 29.0000000000 371057.4917932529
353 -70.2899203530 43.5352661652 0 	!	 psla 93285.0000000000 -89.4067000000 28.9317000000 24.0000000000 13935.4327684638
354 -70.7637469434 19.8559406227 0 	!	 PT17 153810.0000000000 8.4039000000 40.8422000000 20.0000000000 9059.8806580435
355 -1.4652224536 43.6512512732 0 	!	 ptbl 190038.0000000000 92.7600000000 11.6800000000 29.0000000000 391993.2114249762
356 -46.4531934839 60.5192889487 0 	!	 ptln 23238.0000000000 3.0372000000 43.0092000000 356.0000000000 31729.2845058150
357 114.2262075459 22.1788236894 0 	!	 ptme 249338.0000000000 -70.2466000000 43.6566000000 10.0000000000 12555.9090425323
358 -84.1074172535 9.3569243620 0 	!	 ptpl 273285.0000000000 -70.7020110000 19.7987940000 30.0000000000 10275.3618874071
359 3.4873724694 51.4775670054 0 	!	 ptve 127575.0000000000 3.1073300000 42.5201000000 -0.0000000000 1014350.3099933248
360 -159.7049689171 -21.2757841761 0 	!	 qaqo 13410.0000000000 -46.0350000000 60.7176000000 1492.0000000000 11679.7658729312
361 -1.4652224536 43.6512512732 0 	!	 quar 190038.0000000000 114.2133333000 22.2911111000 29.0000000000 1560777.7468081890
362 -4.0886452668 48.8818396294 0 	!	 quepo 247396.0000000000 -84.1702000000 9.4255000000 81.0000000000 20265.8944813673
363 -61.4039141473 15.2755623161 0 	!	 RA10 29398.0000000000 12.2829361111 44.4920750000 547.0000000000 4541.1189245179
364 -1.3517167023 44.0754170081 0 	!	 raro 122218.0000000000 -159.7830000000 -21.2000000000 23.0000000000 1373095.1954928814
365 95.2907046286 5.7804970395 0 	!	 RC09 267435.0000000000 15.6489166667 38.1217194444 182.0000000000 7528.4346156078
366 -2.1320663191 43.3105706249 0 	!	 rosc 96393.0000000000 -3.9655555556 48.7186111111 -0.0000000000 439149.0958964116
367 -2.3978228646 47.2614562946 0 	!	 rose 355312.0000000000 -61.3891833000 15.3138500000 11.0000000000 14929.3608772126
368 145.8036011933 15.2757826852 0 	!	 SA16 164397.0000000000 14.7508388889 40.6766416667 60.0000000000 8611.0291986043
369 54.0535311356 16.9718397714 0 	!	 saba 197775.0000000000 95.3333000000 5.8333000000 4.0000000000 6449.1582918913
370 -38.6127247256 -13.0156738496 0 	!	 sagu 43307.0000000000 -0.2062400000 39.6339200000 25.0000000000 11713.8486795068
371 -3.8644632854 43.4962555224 0 	!	 sain 55712.0000000000 -2.2000000000 47.2600000000 2.0000000000 7104.4190841488
372 -81.7806006687 12.5894428213 0 	!	 saip 229403.0000000000 145.7416000000 15.2266000000 1239.0000000000 8867.3933315857
373 -80.0803467681 -26.2476701875 0 	!	 sala 312396.0000000000 54.0067000000 16.9350000000 167.0000000000 5695.6904778301
374 -66.2118450695 18.4823227272 0 	!	 salv 282840.0000000000 -38.5166670000 -12.9673330000 14.0000000000 10293.2548980115
375 -1.4652224536 43.6512512732 0 	!	 san2 190038.0000000000 -3.7907600000 43.4613000000 29.0000000000 1402623.8798276889
376 -1.5928429686 43.4725795862 0 	!	 sana 193221.0000000000 -81.7014920000 12.5694890000 22.0000000000 11199.0451573852
377 -1.3517167023 44.0754170081 0 	!	 sanf3 122218.0000000000 -80.1085480000 -26.2922150000 23.0000000000 412659.6544117286
378 -149.1836104463 59.9857261707 0 	!	 sanj 293317.0000000000 -66.1167000000 18.4617000000 24.0000000000 20053.5320363379
379 11.8430391799 65.1260656944 0 	!	 SC43 294249.0000000000 13.0764555556 37.5045416667 4.0000000000 408391.7413982655
380 8.2366300099 53.6071998882 0 	!	 scoa 195849.0000000000 -1.6816200000 43.3952000000 6.0000000000 1386425.6722907077
381 -1.4057983374 43.8698268955 0 	!	 sete 124083.0000000000 3.6991100000 43.3976000000 37.0000000000 906623.2082075935
382 160.0636727852 -9.4014756996 0 	!	 sewa 10463.0000000000 -149.4270000000 60.1190000000 17.0000000000 12251.7964779125
383 8.2366300099 53.6071998882 0 	!	 skagk 195849.0000000000 19.0125000000 63.1905560000 6.0000000000 1310641.1504242946
384 -5.6039667090 -15.8807364521 0 	!	 sobr 224839.0000000000 17.6200000000 42.7930000000 1347.0000000000 12512.0287360663
385 11.1040114179 58.8840734417 0 	!	 sole 18534.0000000000 9.3738000000 41.8358000000 15.0000000000 401219.2615326663
386 -2.2144381930 48.6212655194 0 	!	 solo 63353.0000000000 159.9555000000 -9.4289000000 4.0000000000 13886.4273205152
387 120.2080900459 14.7597880431 0 	!	 stari 7463.0000000000 16.5760000000 43.1810000000 16.0000000000 10267.9210765754
388 39.6729295521 -69.0419136554 0 	!	 sthl2 258041.0000000000 -5.7143940000 -15.9179180000 413.0000000000 5576.9227975619
389 8.2366300099 53.6071998882 0 	!	 sthm 195849.0000000000 18.0819440000 59.3241670000 6.0000000000 2207626.7625071784
390 -81.3065697202 -4.5780029142 0 	!	 stma 13131.0000000000 -2.0280000000 48.6416000000 1.0000000000 2961.7046905856
391 172.8238891253 1.3443920353 0 	!	 subi 84426.0000000000 120.2833000000 14.8167000000 1938.0000000000 11966.3175196278
392 -1.3517167023 44.0754170081 0 	!	 syow 122218.0000000000 39.5702780000 -69.0077780000 23.0000000000 1575859.8808913701
393 -1.5928429686 43.4725795862 0 	!	 syro 193221.0000000000 24.9411000000 37.4380000000 22.0000000000 352291.4311047869
394 56.4296830221 26.2667403451 0 	!	 tala 4015.0000000000 -81.2798500000 -4.5778000000 26.0000000000 2410305.1452030255
395 5.3422434409 53.4354106965 0 	!	 tara 2104.0000000000 172.9300000000 1.3625000000 1.0000000000 1049.1856211507
396 -1.8009376251 4.8509410831 0 	!	 tara1 288836.0000000000 17.2214000000 40.4759000000 21.0000000000 7104.2342713137
397 -1.3517167023 44.0754170081 0 	!	 tarr 122218.0000000000 1.2132500000 41.0789700000 23.0000000000 594441.1108043251
398 137.3249145286 37.0499694746 0 	!	 tasu 98818.0000000000 33.8362274170 36.2814636230 990.0000000000 33565.4553957021
399 8.2366300099 53.6071998882 0 	!	 ters 195849.0000000000 5.3328043352 53.4278341365 6.0000000000 968840.4725635365
400 -3.3796501290 47.6840993186 0 	!	 tkdi 58342.0000000000 -1.7449720000 4.8821230000 -0.0000000000 6741.5911182536
401 -145.8041540872 60.4421142309 0 	!	 toul 247729.0000000000 5.9130600000 43.1172200000 3.0000000000 81746.4394863209
402 -2.1320663191 43.3105706249 0 	!	 toya 96393.0000000000 137.2200000000 36.7600000000 -0.0000000000 456169.3140672435
403 -71.5752256407 -32.9974342983 0 	!	 TR22 199499.0000000000 13.7561000000 45.6544000000 24.0000000000 5949.9768702667
404 168.2626313423 -17.7192141571 0 	!	 tudy 328528.0000000000 -3.4470570000 47.6439130000 107.0000000000 6235.6974168492
405 3.4873724694 51.4775670054 0 	!	 vald2 127575.0000000000 -146.3620000000 61.1250000000 -0.0000000000 941388.1671829699
406 -64.4147574098 -65.2977054561 0 	!	 vale 136928.0000000000 -0.3112800000 39.4420300000 88.0000000000 8571.4134627440
407 8.2366300099 53.6071998882 0 	!	 valp2 195849.0000000000 -71.6278727500 -33.0276712800 6.0000000000 1429867.7597559390
408 -65.5625750275 18.0978909243 0 	!	 vanu 73693.0000000000 168.3077000000 -17.7553000000 28.0000000000 9646.9569420724
409 -8.8967009424 42.4402928642 0 	!	 VE19 83409.0000000000 12.4265280000 45.4182190000 8.0000000000 20638.5421898535
410 83.3216050720 17.6890548810 0 	!	 vern 238048.0000000000 -64.2700000000 -65.2500000000 1.0000000000 4521.1894436386
411 166.6162796920 19.2652288283 0 	!	 VI12 195623.0000000000 16.1770111111 41.8880833333 2416.0000000000 2760.3406224398
412 11.3358346648 55.7745528163 0 	!	 vieq 16261.0000000000 -65.4714000000 18.0939000000 6.0000000000 185046.9272925896
413 174.8293083657 -41.3634048032 0 	!	 vil2 93095.0000000000 -8.7700300000 42.6007100000 13.0000000000 9712.0317320241
414 -89.1603801194 30.3199495246 0 	!	 vish 310300.0000000000 83.2800000000 17.6800000000 3.0000000000 15893.6060035399
415 -157.4975062857 1.9866601073 0 	!	 wake 170490.0000000000 166.6180000000 19.2900000000 40.0000000000 2739.3551893325
416 -65.9639640106 17.9537257636 0 	!	 warn 73774.0000000000 12.1033330000 54.1697220000 324.0000000000 17856.9829430287
417 174.8293083657 -41.3634048032 0 	!	 wlgt 93095.0000000000 174.7790967000 -41.2846217000 13.0000000000 9712.0317320241
418 -89.1603801194 30.3199495246 0 	!	 wlms 310300.0000000000 -89.3258000000 30.3264000000 3.0000000000 15893.6060035399
419 -157.4975062857 1.9866601073 0 	!	 xmas 170490.0000000000 -157.4730000000 1.9840000000 40.0000000000 2739.3551893325
420 -65.9639640106 17.9537257636 0 	!	 yabu 73774.0000000000 -65.8330000000 18.0551000000 324.0000000000 17856.9829430287
