1 420
0 31536000 400
-65.9013900757 -47.7559814453 1 dese
-65.0308380127 -42.7622489929 2 madry
147.3342132568 -42.8964691162 3 bapj
122.2183074951 -18.0049800873 4 brom
145.9177703857 -41.0450782776 5 barn
117.8980178833 -15.0783100128 6 djve
130.8428649902 -12.469039917 7 bork
150.912612915 -34.4751205444 8 darw
114.1966400146 -21.8152694702 9 boul
150.7840118408 -23.1609802246 10 pkem
147.93359375 -42.5474395752 11 pmur
133.6432952881 -32.1452293396 12 ross
142.2241363525 -10.5879402161 13 sprg
2.9329500198 51.2391090393 14 thev
-48.4964294434 -1.4406000376 15 trst
-125.1399383545 48.83826828 16 oste
-52.6830787659 47.5695495605 17 bele
-123.1523590088 49.289730072 18 bamf
-70.2165908813 -52.6499900818 19 stjo
-57.9014282227 -63.3234710693 20 vhbc
-70.8288803101 -27.0619392395 21 greg
-71.3360977173 -29.9493808746 22 ohig3
-73.4274215698 -39.8555908203 23 cald
-71.5379104614 -32.1376800537 24 coqu
-71.6018829346 -30.2928504944 25 corr
-72.8266677856 -45.459941864 26 pich
-67.6104812622 -54.9335403442 27 ptal
-71.5234375 -32.7784500122 28 pcha
-73.0522079468 -36.6383399963 29 pwil
-73.0965423584 -36.7023582458 30 qtro
178.4231719971 -18.1322994232 31 quir
-1.6332399845 49.6499214172 32 talc
45.2579498291 -12.7832803726 33 viti
-2.2996299267 47.0247993469 34 cher
167.8803710938 -21.548789978 35 dzao
-140.0952453613 -8.9258899689 36 herb
-2.8205499649 48.6468505859 37 mare
-2.8205499649 48.6468505859 38 nuku
-149.4737548828 -23.3411502838 39 stqy
8.7169799805 53.8700408936 40 stqy2
7.8953499794 54.1767807007 41 tubua
8.2951498032 54.7541503906 42 cuxh
22.4227199554 38.4290008545 43 helg
12.6050195694 35.5008888245 44 horn
131.4137115479 31.5806999207 45 itea
139.9272766113 40.6461181641 46 LA23
132.0651550293 34.8955497742 47 abur
145.5811004639 43.2793617249 48 fuka
124.1558303833 24.3279209137 49 hmda
135.7544708252 33.4753189087 50 hana
144.3727416992 42.981880188 51 ishig
129.8474273682 32.7188987732 52 kusm
127.6645126343 26.2126407623 53 kush
138.2226867676 34.6087417603 54 naga
138.5180053711 38.3247489929 55 naha
133.3404541016 36.1968688965 56 omae
132.972442627 32.7966499329 57 sado
141.6908569336 45.4055709839 58 saig
-171.7147216797 -2.8116700649 59 tosa
-96.1213378906 15.7494697571 60 waka
171.4267272949 -41.8971290588 61 kant
16.135099411 69.3232574463 62 huat
25.9704608917 70.9756469727 63 chst
5.1069397926 61.9267883301 64 ande
11.2328195572 64.8539733887 65 honn
7.555270195 57.9990692139 66 malo
31.1020698547 70.3744430542 67 rorv
125.6657867432 7.1554198265 68 treg
-176.2491149902 -9.4359302521 69 vard
-17.8991699219 27.7805595398 70 davo
-13.8554296494 28.4951305389 71 dapi
-8.3989295959 43.366771698 72 hie2
16.9599990845 58.4863700867 73 fue2
18.2047691345 60.4062385559 74 coru
21.2397994995 64.9166488647 75 arko
11.7713403702 57.6931495667 76 fors
20.3496398926 63.6925392151 77 furu
23.0909099579 65.6985321045 78 gokr
14.8231296539 56.1527786255 79 holm
12.8995599747 55.5253410339 80 kalit
15.5879802704 56.1006202698 81 karl
11.1222896576 58.9948997498 82 klag
17.8553009033 58.7626914978 83 kung
17.1055793762 57.3667182922 84 kungr
16.4774494171 57.2794418335 85 land
17.129529953 58.660358429 86 olan
20.901599884 63.9867897034 87 oska
16.6727294922 57.4136199951 88 oxel
14.3586301804 55.5561294556 89 rata
11.2225999832 58.3526496887 90 simp
17.5291805267 62.3577919006 91 simr
18.2834205627 57.6381988525 92 smog
39.1849784851 -6.1525001526 93 spik
-175.2026062012 -21.128660202 94 visb
32.3954696655 41.7417411804 95 zanz
30.6140804291 36.8372192383 96 nkfa
28.0249595642 41.8852615356 97 amas
29.6017894745 41.1824989319 98 anta
-2.0647199154 57.1482315063 99 igne
-5.6575398445 54.6651115417 100 sile
1.2956500053 52.9347000122 101 abed
1.3285000324 51.11095047 102 bang
1.2821999788 51.9499015808 103 crom
-2.9261100292 54.0321617126 104 dove
-4.6187300682 53.3121414185 105 harw
-4.1026501656 51.2122497559 106 heys
-5.061150074 58.4590911865 107 holy2
-3.1844000816 55.9884605408 108 ilfa
-1.1483800411 60.1570701599 109 kinl
-3.0118899345 53.4510383606 110 leit
1.7544599771 52.4669685364 111 lerw2
-5.071559906 51.6982498169 112 live
-4.9135198593 55.7491416931 113 lowe
-3.9822399616 51.5693893433 114 mhav
0.0635100007 50.7826194763 115 mill
-5.5358901024 50.0989494324 116 mumb
-2.9810800552 51.5394515991 117 nhav
-1.4134800434 55.008808136 118 newl2
-4.160610199 50.3631515503 119 npor
-5.115170002 54.8368911743 120 nshi
-6.663599968 55.2141304016 121 plym
-1.1162500381 50.7957191467 122 porp
0.7353299856 51.4487991333 123 prus
-6.3699598312 58.1976013184 124 ptmt
-0.6057400107 54.4901885986 125 shee
-3.0786499977 58.4370384216 126 stor
-3.5799798965 54.6467590332 127 whit
-122.2986907959 37.7703285217 128 wick
-123.7170410156 38.9144096375 129 work
-123.7618713379 46.2045593262 130 alam
-174.175491333 52.231098175 131 aren
-74.4179992676 39.3509101868 132 asto
-76.5739593506 39.2712287903 133 atka
-68.1999130249 44.3953285217 134 acnj
-76.6657028198 34.7197418213 135 bamd
-71.0546112061 42.3537902832 136 bame
-73.1862792969 41.1720504761 137 benc
-64.9252319336 18.3282394409 138 boma
-122.7564086914 48.8630981445 139 bgct
-82.835067749 27.9798793793 140 amal
-124.1772918701 41.743560791 141 chrp
153.8474273682 11.8681697845 142 cwfl
171.9933624268 50.1169395447 143 cres
-75.7470092773 36.1829795837 144 dkwa
-166.523147583 53.8854484558 145 datu
-136.3336486816 58.1913604736 146 dpnc
-122.4683609009 37.8043403625 147 dutc
144.6535949707 13.4402599335 148 elak
-155.061340332 19.7297801971 149 fpnt
-156.4730834961 20.8992195129 150 guam
-155.8329772949 20.0375709534 151 hilo
-81.8094100952 24.5582695007 152 kahu
-117.2614898682 32.8711090088 153 kawa
-64.7525787354 17.6970596313 154 kwfl
144.7919769287 13.4273195267 155 lajo
-120.7478713989 35.1682891846 156 lime
-160.5003356934 55.3375396729 157 pagb
-135.3475646973 57.0546302795 158 pslu
-124.1113815308 46.9047088623 159 sdpt
-70.673576355 41.5255508423 160 sitk
-139.7398529053 59.548828125 161 wpwa
79.8470306396 6.9422101974 162 wood
-177.678024292 -36.0193214417 163 yaku
-130.3482513428 54.2484016418 164 colo
144.2934875488 44.0182685852 165 dnze
-89.8414764404 13.5741996765 166 prin2
-99.9023590088 16.8428707123 167 abas
-176.639465332 51.8605995178 168 acaj
-176.639465332 51.8605995178 169 acap2
8.7562704086 41.9229698181 170 adak
-0.4855700135 38.3339881897 171 adak2
-154.2386322021 56.8942184448 172 ajac
-2.4809401035 36.8283500671 173 alac2
13.5044298172 43.6242599487 174 alak2
-149.8855133057 61.2410812378 175 alme
-70.4085769653 -23.6523895264 176 AN15
-84.9827270508 29.7311401367 177 anch2
-91.3310089111 29.4469299316 178 anto2
-66.7047271729 18.4833106995 179 apfl
-1.1582399607 44.6651306152 180 apla
-70.3244400024 -18.4769496918 181 aracS
35.885559082 36.4139518738 182 arca
-4.5339999199 48.0075416565 183 aric2
12.6420497894 41.4435386658 184 arsu
16.8675708771 41.1427307129 185 audi
2.1697199345 41.3437995911 186 AZ42
115.2197418213 -8.7708702087 187 BA05
-3.0452299118 43.3567008972 188 barc
57.7144508362 -20.4402103424 189 beno
-6.3682498932 36.7950592041 190 bil3
6.7472200394 53.5582199097 191 blueb
1.5715700388 50.7278518677 192 bon2
32.9487800598 36.0957183838 193 djve
-4.4973602295 48.3731307983 194 bork
-158.1187133789 21.3164806366 195 darw
-74.023651123 40.7018890381 196 boul
-69.0255508423 12.1892004013 197 bozy
9.1096496582 39.2070388794 198 bres
-77.1723022461 -12.0719499588 199 brpt
-1.8959000111 36.9716491699 200 btny2
-9.4094896317 38.694480896 201 bull
-76.0684280396 38.5705718994 202 CA02
9.3471298218 42.9636306763 203 call
15.9223604202 39.5198707581 204 carb
8.3124504089 39.1482200623 205 casc
142.1918334961 27.0901699066 206 cbmd
105.6695709229 -10.4266500473 207 cent
91.763923645 22.3238601685 208 CETR
151.8958435059 7.4551501274 209 CF06
11.7869701385 42.0895118713 210 chij
109.0202865601 -7.7550401688 211 chrs
-74.9588394165 38.9720993042 212 chtt
96.8984222412 -12.1174402237 213 chuu
76.2367019653 9.9622001648 214 CI20
-3.9181499481 47.8683280945 215 cili
-145.7580566406 60.563911438 216 cmnj
-93.3473587036 29.7630805969 217 cocb
17.1419391632 39.0839004517 218 coch
15.0951595306 37.4961700439 219 conc
-67.2072906494 44.6515693665 220 cord
-17.4241905212 14.6784601212 221 cpla
-169.8903045654 49.6145896912 222 CR08
158.1999969482 6.9763197899 223 CT03
6.9381299019 53.3152084351 224 cwme
4.7408699989 52.9663391113 225 dakar
1.0769000053 49.9363594055 226 dchu
1.0769000053 49.9363594055 227 deke
-148.4857635498 55.2646903992 228 delf
-129.5887145996 48.8740081787 229 denh
-156.7705841064 52.5547714233 230 diep
2.3752799034 51.0493087769 231 diep2
-109.4436569214 -27.1538906097 232 dkod
-78.9494781494 9.5583200455 233 dsea
-66.9876785278 44.9079818726 234 dshu
34.2535705566 36.5653114319 235 dunk
121.8955993652 -33.873790741 236 east2
3.2819299698 52.0103988647 237 elpo
-65.6299133301 18.3329696655 238 epme
-81.4642715454 30.6707496643 239 erdem
147.0554504395 -19.2809391022 240 espe
6.9431700706 43.4816894531 241 euro
-82.0313568115 26.5256309509 242 faja
179.1917419434 -8.5000095367 243 fbfl
-38.4650001526 -3.719039917 244 ferg
-80.898727417 32.0349311829 245 figu
-166.2813568115 23.9126605988 246 fmfl
-61.0589485168 14.6014499664 247 fong
13.5830202103 41.2085494995 248 fort
-134.9616241455 -23.1186008453 249 fpga
-0.1500799954 38.9933280945 250 fren
73.145942688 -0.6860499978 251 ftfr
72.3927764893 -7.2920999527 252 GA37
8.9267597198 44.3955497742 253 gamb
15.1905202866 38.7800292969 254 gand
-5.3656702042 36.1516418457 255 ganm
-5.6914601326 43.5602989197 256 garc
-89.9525604248 29.2658500671 257 GE25
25.8914203644 40.2366218567 258 GI20
-94.7908782959 29.3077201843 259 gibr3
140.7258453369 41.7805404663 260 gij2
73.1740722656 6.7715401649 261 gila
5.4061598778 53.1790008545 262 gokc
115.7406921387 -31.8274307251 263 gptx
-139.0334472656 -9.8080196381 264 hako
4.1061301231 51.9716300964 265 hani
-1.1684700251 46.0044212341 266 harl
25.7451992035 35.0050201416 267 hill
15.5048398972 42.1227607727 268 hiva
168.6230163574 -43.9782981873 269 hoek
-2.1262199879 49.1825485229 270 iaix
-169.5206451416 16.7422294617 271 iera
-78.8292388916 -33.631149292 272 IT45
22.1136798859 37.0218009949 273 jack
154.8063964844 1.0803200006 274 jers
66.9686508179 24.7976703644 275 john
21.3254299164 37.6393013 276 juan
70.2226409912 -49.3502006531 277 kala
70.2226409912 -49.3502006531 278 kapi
10.268239975 54.5000991821 279 kara
-152.5199279785 57.7316703796 280 kata
167.7369384766 8.7283201218 281 kerg
9.8582401276 44.1002311707 282 kerg2
-80.9126815796 -2.2149300575 283 kiel
-64.7242889404 18.3086891174 284 kodi2
40.899559021 -2.3033699989 285 kwaj
-1.2162799835 46.1559410095 286 LA38
-4.7735800743 48.3618812561 287 lali
-2.9034900665 47.537021637 288 lame2
123.7596664429 13.1424303055 289 lamu
0.1082400009 49.4865608215 290 larp
116.0616836548 -8.7307796478 291 leco
-1.7981300354 46.4905281067 292 lecy
177.4372253418 -17.6087608337 293 lega
10.2930603027 43.5431213379 294 leha
-67.0458679199 17.972650528 295 lemba
37.8684616089 -46.8681297302 296 leso
-4.4167900085 36.7063407898 297 levu
134.4475402832 7.3256797791 298 LI11
73.5310134888 4.1963500977 299 magi
120.9712982178 14.5836296082 300 mais
5.3530201912 43.2889099121 301 mal3
171.3649749756 7.1027498245 302 mala
-72.107170105 -17.0000991821 303 Male2
-67.1633224487 18.2179908752 304 mani
10.2356395721 42.732749939 305 mars
15.5562295914 38.1937294006 306 marsh
26.7098293304 38.4312400818 307 mata
139.8232116699 34.9244613647 308 maya
-177.3566894531 28.2056007385 309 MC41
154.0004425049 24.2547492981 310 ME13
-104.3015518188 19.0639591217 311 ment
-67.9435577393 18.0849399567 312 mera
7.4160499573 43.7247314453 313 midx
-71.954750061 41.0451011658 314 mins
-3.5191800594 36.7214813232 315 mnza
28.4133205414 36.8464584351 316 mona2
14.2774095535 40.836730957 317 monc
-61.6753196716 56.5483283997 318 mony
166.9137268066 -0.5334900022 319 motr
-159.3449554443 21.9465103149 320 mrms
-165.4261016846 64.5017471313 321 NA23
-51.7243804932 64.1672668457 322 nain
166.414352417 -22.251039505 323 nauu
141.7486724854 39.022518158 324 nawi
14.4172201157 42.3550682068 325 nome
18.4916591644 40.1444206238 326 nuk1
-0.2435699999 49.2813911438 327 numb2
13.3687801361 38.1215782166 328 ofun
-134.6524353027 56.2435112 329 OR24
-134.6524353027 56.2435112 330 OT15
-170.6775665283 -14.285779953 331 ouis
2.6398899555 39.5597190857 332 PA07
-22.9877891541 16.7569599152 333 paak
-149.57421875 -17.5315799713 334 paak2
-25.6787796021 37.7247810364 335 pago
13.5195302963 37.2801895142 336 palm
23.620059967 37.9367408752 337 palm1
-158.0500183105 -9.0075998306 338 pape2
15.2760000229 40.0311393738 339 pdas
-57.5302581787 -38.0031013489 340 PE09
-162.0857696533 5.8864002228 341 peir
-72.9523925781 -41.4850997925 342 penr
-87.211730957 30.4047698975 343 PL14
12.9635601044 40.8903503418 344 plat2
141.6133270264 -38.3402290344 345 plmy
-1.0571700335 45.5681495667 346 pmon2
-61.7649383545 11.9967699051 347 pnfl
-148.5040435791 70.3910827637 348 PO40
-89.4116668701 28.9286994934 349 porl
8.4037904739 40.8393516541 350 port
92.7608566284 11.6816596985 351 pric
3.0548601151 43.0055007935 352 prud
-70.2425537109 43.6536407471 353 psla
-70.6983566284 19.7999591827 354 PT17
3.1101799011 42.5262184143 355 ptbl
-46.0262489319 60.7187385559 356 ptln
114.2440032959 22.2845001221 357 ptme
-84.1672897339 9.4264001846 358 ptpl
12.2813901901 44.494808197 359 ptve
-159.7802429199 -21.1971492767 360 qaqo
15.6441898346 38.1179885864 361 quar
-3.9687199593 48.7159996033 362 quepo
-61.3846702576 15.3101797104 363 RA10
14.7469100952 40.6703987122 364 raro
95.3489608765 5.8183598518 365 RC09
-0.2110999972 39.6317481995 366 rosc
-2.1990599632 47.2577590942 367 rose
145.7350158691 15.2331399918 368 SA16
54.004119873 16.9296607971 369 saba
-38.5219917297 -12.9629898071 370 sagu
-3.7846000195 43.4597396851 371 sain
-81.6986312866 12.5678195953 372 saip
-80.1036605835 -26.2897090912 373 sala
-66.1188430786 18.4651603699 374 salv
13.0804300308 37.5052986145 375 san2
-1.6796200275 43.3941116333 376 sana
3.7053399086 43.3986206055 377 sanf3
-149.4180450439 60.1167984009 378 sanj
19.0083408356 63.1861991882 379 SC43
17.6182193756 42.785320282 380 scoa
9.4046602249 41.8465194702 381 sete
159.9552307129 -9.4294500351 382 sewa
16.5847301483 43.2142982483 383 skagk
-5.7136597633 -15.9151201248 384 sobr
18.2448101044 59.3584289551 385 sole
-2.0285799503 48.6378211975 386 solo
120.28074646 14.8209400177 387 stari
39.5717582703 -69.014289856 388 sthl2
24.9422492981 37.4365005493 389 sthm
-81.2840194702 -4.569340229 390 stma
172.9261779785 1.3645299673 391 subi
17.2226905823 40.4713592529 392 syow
1.2122299671 41.0768890381 393 syro
33.8435211182 36.2784309387 394 tala
5.3376197815 53.4317207336 395 tara
-1.7414400578 4.8857002258 396 tara1
5.9075298309 43.1159286499 397 tarr
137.2239227295 36.7565383911 398 tasu
13.7580404282 45.6505699158 399 ters
-3.4388899803 47.6434898376 400 tkdi
-146.3675537109 61.1299095154 401 toul
-0.30449 39.441368103 402 toya
-71.6234207153 -33.0265617371 403 TR22
168.3032684326 -17.7535305023 404 tudy
12.4327497482 45.4220504761 405 vald2
-64.253288269 -65.2546615601 406 vale
16.171289444 41.8896598816 407 valp2
-65.4699020386 18.0901699066 408 vanu
-8.7739601135 42.5972290039 409 VE19
83.2977676392 17.6893692017 410 vern
166.6145629883 19.2864704132 411 VI12
12.1021099091 54.1788406372 412 vieq
174.7937469482 -41.2846603394 413 vil2
-89.3259506226 30.3224201202 414 vish
-157.4766235352 1.9848400354 415 wake
-65.8301620483 18.0578193665 416 warn
174.7937469482 -41.2846603394 417 wlgt
-89.3259506226 30.3224201202 418 wlms
-157.4766235352 1.9848400354 419 xmas
-65.8301620483 18.0578193665 420 yabu
