1 420
0 31536000 400
-65.7452754768 -47.5799132534 1 dese
-64.835437882 -43.2135108978 2 madry
147.9983957443 -42.8787425148 3 bapj
122.1782926537 -17.8910505553 4 brom
145.8003810034 -40.9945214565 5 barn
117.6924140496 -15.2537550957 6 djve
130.9944613156 -12.2629100033 7 bork
150.9544226405 -34.3429720056 8 darw
114.0605406788 -21.7948387484 9 boul
150.7861377946 -23.0870120162 10 pkem
147.9820263682 -42.553443219 11 pmur
133.6121608094 -32.1190971277 12 ross
142.2173194222 -10.4860987746 13 sprg
2.9917777847 51.2962429402 14 thev
-48.4528401972 -0.5703901388 15 trst
-125.3513127775 48.670012866 16 oste
-52.6715010693 47.6939860754 17 bele
-125.0594069413 48.3520825151 18 bamf
-68.6340569951 -52.6075793715 19 stjo
-58.0561223649 -63.3900304505 20 vhbc
-70.8232255451 -26.9891288157 21 greg
-71.3049892005 -29.9025900565 22 ohig3
-73.5139123199 -39.8742375844 23 cald
-71.5517918254 -31.9742686485 24 coqu
-71.5111322885 -30.2198754836 25 corr
-74.7727812548 -45.0918278636 26 pich
-67.9055499007 -55.2460758313 27 ptal
-71.467701718 -32.6643591587 28 pcha
-73.0117585722 -36.6985468853 29 pwil
-73.0117585722 -36.6985468853 30 qtro
178.3384261214 -18.1553019763 31 quir
-1.5218075228 49.6885236528 32 talc
45.4480547985 -12.7649026094 33 viti
-2.1913902351 46.8987032113 34 cher
167.8373195687 -21.5358838746 35 dzao
-140.0339801626 -9.0151819584 36 herb
-2.7734186307 48.6057134933 37 mare
-2.7734186307 48.6057134933 38 nuku
-149.4005468575 -23.3969235431 39 stqy
8.4826465236 53.7511310302 40 stqy2
7.6539282336 54.2019742391 41 tubua
8.3681383855 54.7247937933 42 cuxh
34.0173730065 27.8087217278 43 helg
-1.567134335 43.5182184183 44 horn
131.4162909111 31.4906087781 45 itea
139.9156841641 40.6740063464 46 LA23
131.9229967473 34.8147718818 47 abur
145.4638825545 43.160346764 48 fuka
124.056883794 24.2021428851 49 hmda
135.6563142275 33.4680661288 50 hana
144.3853714415 42.9352584576 51 ishig
129.7637826234 32.7665135489 52 kusm
127.7203525462 26.3025196704 53 kush
138.2242466154 34.6552310965 54 naga
138.4312182684 38.3223208999 55 naha
133.2889348674 36.0964531075 56 omae
132.9854581995 32.8349675171 57 sado
141.6058074514 45.3311621219 58 saig
-171.7152986255 -2.6293118245 59 tosa
-96.0992062345 15.7202820504 60 waka
171.2745590004 -41.9774976639 61 kant
16.0446191479 69.3672103632 62 huat
26.0165162738 71.1646131736 63 chst
4.577492761 62.0446698063 64 ande
11.2897422566 64.9556132326 65 honn
7.2993173151 58.0068962081 66 malo
30.9654736491 70.4619330934 67 rorv
125.888996738 6.5966752721 68 treg
-176.2067385262 -9.4633403121 69 vard
-17.9082225242 27.9624445346 70 davo
-13.834304559 28.3644468668 71 dapi
-8.3579309874 43.5126875551 72 hie2
11.8440019527 57.612004168 73 fue2
11.0588804924 58.9623621813 74 coru
13.5437340307 66.8664902977 75 arko
11.8440019527 57.612004168 76 fors
11.9692066967 65.193077836 77 furu
13.5437340307 66.8664902977 78 gokr
12.586847888 56.7996318632 79 holm
12.0857331447 56.0997057128 80 kalit
12.586847888 56.7996318632 81 karl
11.0588804924 58.9623621813 82 klag
11.8440019527 57.612004168 83 kung
12.586847888 56.7996318632 84 kungr
12.586847888 56.7996318632 85 land
11.8440019527 57.612004168 86 olan
12.2216302612 65.5243908643 87 oska
12.586847888 56.7996318632 88 oxel
12.0857331447 56.0997057128 89 rata
11.3418586578 58.2604837733 90 simp
11.9692066967 65.193077836 91 simr
12.586847888 56.7996318632 92 smog
39.1336126587 -6.0246539824 93 spik
-175.3504783362 -20.9925349387 94 visb
34.4624520223 28.0957278697 95 zanz
34.4624520223 28.0957278697 96 nkfa
34.4624520223 28.0957278697 97 amas
34.4624520223 28.0957278697 98 anta
-2.067985163 57.0673601497 99 igne
-5.4422234591 54.4181295801 100 sile
1.3050204532 52.9604981818 101 abed
1.4312368217 51.1778628626 102 bang
1.2946596789 51.9075236161 103 crom
-3.4308876171 53.9846233049 104 dove
-4.9052118231 53.2392585731 105 harw
-4.1132062828 51.390656633 106 heys
-5.1079623169 58.5568578681 107 holy2
-2.5990615149 56.0582495569 108 ilfa
-1.1755384194 60.0934603562 109 kinl
-3.0355258401 53.6789088096 110 leit
1.7600374792 52.4317039455 111 lerw2
-5.1500189209 51.8290568632 112 live
-6.3090206902 55.6768373912 113 lowe
-4.1132062828 51.390656633 114 mhav
-0.2069180737 50.7959408692 115 mill
-5.5702839304 50.2292002151 116 mumb
-4.1132062828 51.390656633 117 nhav
-1.3848104839 55.0170632725 118 newl2
-4.1531488969 50.3204434372 119 npor
-4.9200217677 54.4208989018 120 nshi
-6.976578934 55.2772498164 121 plym
-0.7773346289 50.6989256811 122 porp
1.4577291765 51.5334765551 123 prus
-6.7635024367 58.3337530864 124 ptmt
-0.7323451507 54.556563924 125 shee
-3.0227179306 58.4689650448 126 stor
-4.0275502338 54.1401580942 127 whit
-122.5220456454 37.6495380469 128 wick
-123.7254924569 39.0564090631 129 work
-124.0444937431 46.2437636506 130 alam
-174.140546731 52.0961914085 131 aren
-74.3860752377 39.3572204558 132 asto
-75.05637461 38.756183573 133 atka
-68.1869150581 44.2839857433 134 acnj
-76.7239421147 34.6679198115 135 bamd
-70.7451592556 42.7115282144 136 bame
-73.2331396475 40.682391438 137 benc
-64.8556654069 18.3329701399 138 boma
-124.7254625982 48.103734161 139 bgct
-82.8536666295 27.9668436133 140 amal
-124.1721122942 41.7054092923 141 chrp
153.9587210003 12.3946147607 142 cwfl
172.1384451416 50.2767830443 143 cres
-75.7638650866 36.2764200304 144 dkwa
-166.2470157815 53.6835962956 145 datu
-136.7255506306 58.1352024151 146 dpnc
-122.5220456454 37.6495380469 147 dutc
144.6167114304 13.2929603399 148 elak
-155.0595527087 19.7619236989 149 fpnt
-156.3082423379 20.9744297601 150 guam
-155.9272518934 20.1685276892 151 hilo
-81.9831520559 24.5299879 152 kahu
-117.2791373556 32.7490410882 153 kawa
-64.881084673 17.72373387 154 kwfl
144.9627035113 13.3973403155 155 lajo
-120.8950954926 35.3922462661 156 lime
-160.6475060147 55.1375049021 157 pagb
-135.7925859081 57.1414664521 158 pslu
-124.1299678454 46.7664927729 159 sdpt
-70.6703463716 41.3157309876 160 sitk
-139.6242216612 59.4273822787 161 wpwa
79.8318958363 6.8343075411 162 wood
-178.1643037227 -35.6965081323 163 yaku
-130.5113319621 54.4232120193 164 colo
144.3736369834 43.9829011833 165 dnze
-89.6824272442 13.5040876916 166 prin2
-100.0178090204 16.8883393461 167 abas
-176.660078583 51.9864220464 168 acaj
-176.660078583 51.9864220464 169 acap2
-1.4354891728 43.7986841154 170 adak
-5.9133634783 36.1554453315 171 adak2
-154.5559478732 57.125551178 172 ajac
-5.9133634783 36.1554453315 173 alac2
3.6065464231 51.621547604 174 alak2
-151.3215536964 60.4103137107 175 alme
-70.6808166891 -23.8144098127 176 AN15
-84.974490364 29.6946524598 177 anch2
-91.1591579533 29.193189393 178 anto2
-66.5049481741 18.5002606766 179 apfl
-1.2633344896 44.8054795346 180 apla
-70.3427195654 -18.4399885022 181 aracS
34.9956087579 28.0778515995 182 arca
-4.3819175107 47.8587125867 183 aric2
-1.3275565779 44.2162661406 184 arsu
-1.3275565779 44.2162661406 185 audi
-1.567134335 43.5182184183 186 AZ42
115.300833985 -8.7690597024 187 BA05
-3.064805811 43.3761137067 188 barc
57.6747359997 -20.5053634819 189 beno
-6.4172535514 36.789217544 190 bil3
6.5919925666 53.4724336711 191 blueb
1.5343806946 50.7118628531 192 bon2
34.4624520223 28.0957278697 193 djve
-4.811114167 48.3901629357 194 bork
-157.959773839 21.2918613176 195 darw
-73.9474631877 40.3120651989 196 boul
-68.9631612173 12.050664338 197 bozy
-1.567134335 43.5182184183 198 bres
-77.0822170545 -12.1243817395 199 brpt
-5.9133634783 36.1554453315 200 btny2
-9.5003840321 38.6836799713 201 bull
-75.05637461 38.756183573 202 CA02
-1.3275565779 44.2162661406 203 call
-1.4354891728 43.7986841154 204 carb
-1.567134335 43.5182184183 205 casc
142.0954147178 27.203748877 206 cbmd
105.5047787749 -10.3821833547 207 cent
91.7461987102 22.2772672591 208 CETR
152.0771613319 7.3956486969 209 CF06
-1.3275565779 44.2162661406 210 chij
108.9883212215 -7.801128457 211 chrs
-75.05637461 38.756183573 212 chtt
96.9210848027 -12.1419319031 213 chuu
76.2114053808 9.9722950154 214 CI20
-3.9485558483 47.8499227374 215 cili
-145.532824786 60.4010262585 216 cmnj
-93.3825115668 29.7333640393 217 cocb
-1.4354891728 43.7986841154 218 coch
-1.567134335 43.5182184183 219 conc
-67.060422121 44.6956866171 220 cord
-17.4656445095 14.7915332322 221 cpla
-170.031440195 49.839504353 222 CR08
158.0594121424 6.9503214222 223 CT03
6.5919925666 53.4724336711 224 cwme
4.7041961194 52.9707719275 225 dakar
1.0342239137 50.0365529641 226 dchu
1.0342239137 50.0365529641 227 deke
-148.4055782135 55.5964086976 228 delf
-129.5195129788 48.7851374783 229 denh
-156.9620071564 52.4265042203 230 diep
2.3108279227 51.0725797488 231 diep2
-109.2471150224 -27.1133818924 232 dkod
-79.1603150222 9.5806915459 233 dsea
-66.9258704464 44.9969432914 234 dshu
34.4624520223 28.0957278697 235 dunk
121.6518677364 -33.9833626046 236 east2
3.3751685488 51.9272553901 237 elpo
-65.6642234687 18.1735413822 238 epme
-81.4004619788 30.6953511905 239 erdem
147.0546954488 -19.1966480862 240 espe
-1.2845021721 44.5213472289 241 euro
-81.9289351886 26.4010463896 242 faja
178.9530263145 -8.5538501195 243 fbfl
-38.3658829729 -3.8395549015 244 ferg
-81.02597256 31.8410266844 245 figu
-166.2574464824 23.7302309707 246 fmfl
-61.0975313258 14.5667752521 247 fong
-1.3275565779 44.2162661406 248 fort
-134.8122160873 -23.2263368125 249 fpga
-1.9353455788 43.363336301 250 fren
73.3255678126 -0.7858523723 251 ftfr
72.4938369054 -7.1844319038 252 GA37
-1.1884649692 45.4372006807 253 gamb
-1.4354891728 43.7986841154 254 gand
-5.9133634783 36.1554453315 255 ganm
-5.7148372782 43.5970040919 256 garc
-89.9630623713 29.2156195436 257 GE25
34.4624520223 28.0957278697 258 GI20
-94.7888640598 29.2654886228 259 gibr3
141.1214590991 41.7566629243 260 gij2
73.1752016904 6.6573698296 261 gila
5.4382707203 53.4656497771 262 gokc
115.7164728371 -31.8487071037 263 gptx
-139.0528136102 -9.609714294 264 hako
4.0047737099 51.8718306932 265 hani
-1.3674944412 46.1342558878 266 harl
33.6474715399 27.5330507774 267 hill
-1.2845021721 44.5213472289 268 hiva
168.5385956258 -43.9670574309 269 hoek
-2.3152474798 49.2714565991 270 iaix
-169.5629361888 17.021979339 271 iera
-78.8939716401 -33.8417567122 272 IT45
33.6474715399 27.5330507774 273 jack
154.9290777743 1.1338404122 274 jers
67.1091369148 24.6865677021 275 john
33.6474715399 27.5330507774 276 juan
70.4565771687 -49.4092362876 277 kala
70.4565771687 -49.4092362876 278 kapi
8.9801507824 54.0492819298 279 kara
-152.2901988742 57.7986765797 280 kata
167.7023577756 8.781844444 281 kerg
-1.2141728077 45.1460149006 282 kerg2
-80.7883029347 -2.1119062555 283 kiel
-64.8556654069 18.3329701399 284 kodi2
40.8490564026 -2.3464030424 285 kwaj
-1.3674944412 46.1342558878 286 LA38
-4.811114167 48.3901629357 287 lali
-2.9965834947 47.5399250452 288 lame2
124.2710075342 13.199640391 289 lamu
0.0671255673 49.5742171774 290 larp
115.9714072667 -8.9193047889 291 leco
-1.8991897577 46.6111080954 292 lecy
177.4000969912 -17.7377136263 293 lega
-1.2845021721 44.5213472289 294 leha
-66.8994783802 17.9179724794 295 lemba
37.8123147372 -46.7355922932 296 leso
-5.9133634783 36.1554453315 297 levu
134.4301598195 7.274190115 298 LI11
73.6034115631 4.2191306484 299 magi
120.5466688378 14.183621569 300 mais
-1.3275565779 44.2162661406 301 mal3
171.3266622215 7.1318975534 302 mala
-72.1367109361 -16.9990899015 303 Male2
-67.2847615135 18.3278345311 304 mani
-1.3275565779 44.2162661406 305 mars
-1.4354891728 43.7986841154 306 marsh
34.4624520223 28.0957278697 307 mata
139.805619566 34.8993142508 308 maya
-177.2433562656 28.4118873748 309 MC41
153.9216342815 23.9632481368 310 ME13
-104.3584025798 19.0644115334 311 ment
-67.9454100262 18.1074531305 312 mera
-1.2845021721 44.5213472289 313 midx
-71.9533093867 40.9936761937 314 mins
-5.9133634783 36.1554453315 315 mnza
34.4624520223 28.0957278697 316 mona2
-1.3275565779 44.2162661406 317 monc
-61.2083730011 56.4051220646 318 mony
167.476986361 -0.2171106566 319 motr
-159.4843018755 21.8485112711 320 mrms
-165.0943520893 64.4198705479 321 NA23
-52.1120535694 64.2073586696 322 nain
166.3657952901 -22.2452427656 323 nauu
141.8732419264 39.0353586628 324 nawi
-1.2845021721 44.5213472289 325 nome
8.4826465236 53.7511310302 326 nuk1
-0.2833903719 49.32791922 327 numb2
-1.567134335 43.5182184183 328 ofun
-134.9276931182 56.3325361551 329 OR24
-134.9276931182 56.3325361551 330 OT15
-170.7410538383 -14.3320905467 331 ouis
-1.567134335 43.5182184183 332 PA07
-22.911426071 16.7825215014 333 paak
-149.6127727928 -17.72385032 334 paak2
-25.752402877 37.7354273001 335 pago
-1.567134335 43.5182184183 336 palm
34.0173730065 27.8087217278 337 palm1
-157.7486709636 -9.5256394384 338 pape2
-1.4354891728 43.7986841154 339 pdas
-57.5156820688 -37.9833873449 340 PE09
-161.9088545765 6.0957555502 341 peir
-73.8751553269 -41.4051066001 342 penr
-87.2981189363 30.3066237971 343 PL14
-1.4354891728 43.7986841154 344 plat2
141.8832532311 -38.3040371255 345 plmy
-1.1884649692 45.4372006807 346 pmon2
-61.5911140504 11.9708850793 347 pnfl
-148.4235832946 70.3367788954 348 PO40
-89.2565491017 29.0320560662 349 porl
-1.4354891728 43.7986841154 350 port
92.7770842748 11.567563039 351 pric
-1.4354891728 43.7986841154 352 prud
-70.3376600119 43.5069744605 353 psla
-70.759102085 19.8639413091 354 PT17
-1.4354891728 43.7986841154 355 ptbl
-46.1663705786 60.610188262 356 ptln
114.330369052 22.3191728866 357 ptme
-84.2458286339 9.4438671716 358 ptpl
3.6065464231 51.621547604 359 ptve
-160.0658834357 -21.3420923293 360 qaqo
-1.4354891728 43.7986841154 361 quar
-4.0825604869 48.7173818484 362 quepo
-61.4020284664 15.2336313662 363 RA10
-1.3275565779 44.2162661406 364 raro
95.2568962865 5.8793224947 365 RC09
-1.9353455788 43.363336301 366 rosc
-2.5912576464 47.1023135762 367 rose
145.8841094304 15.3300198317 368 SA16
54.05825475 16.9634741682 369 saba
-38.3873386175 -12.9874044914 370 sagu
-3.7483088609 43.4914409386 371 sain
-81.6319781653 12.5118430376 372 saip
-80.1053339611 -26.2810146049 373 sala
-66.2098779006 18.4990148933 374 salv
-1.567134335 43.5182184183 375 san2
-1.567134335 43.5182184183 376 sana
-1.3275565779 44.2162661406 377 sanf3
-148.7643064253 59.9277929374 378 sanj
11.9692066967 65.193077836 379 SC43
8.4826465236 53.7511310302 380 scoa
-1.4354891728 43.7986841154 381 sete
159.8897471296 -9.3686068119 382 sewa
8.4826465236 53.7511310302 383 skagk
-5.5715663921 -15.7331749613 384 sobr
11.2266346366 58.6001558759 385 sole
-2.2109809097 48.6345535852 386 solo
120.0550907166 14.8015475543 387 stari
39.6826218487 -69.0752180262 388 sthl2
34.0173730065 27.8087217278 389 sthm
-81.3332524567 -4.6415979719 390 stma
172.8338205698 1.3960266325 391 subi
-1.3275565779 44.2162661406 392 syow
-1.567134335 43.5182184183 393 syro
34.4624520223 28.0957278697 394 tala
5.4382707203 53.4656497771 395 tara
-1.7098313897 4.9028433909 396 tara1
-1.3275565779 44.2162661406 397 tarr
136.7249530015 36.943878371 398 tasu
8.4826465236 53.7511310302 399 ters
-3.3976772816 47.673644359 400 tkdi
-146.0962952681 60.4378265194 401 toul
-1.9353455788 43.363336301 402 toya
-71.7265402088 -33.2605794391 403 TR22
168.2608843426 -17.733477983 404 tudy
3.6065464231 51.621547604 405 vald2
-64.1088275108 -65.2423371147 406 vale
8.4826465236 53.7511310302 407 valp2
-65.3610310826 18.1069423578 408 vanu
-9.0099476341 42.7540627808 409 VE19
83.4414900617 17.8390503544 410 vern
166.8542936401 18.9810667393 411 VI12
8.9801507824 54.0492819298 412 vieq
174.5184806749 -41.2303662833 413 vil2
-88.9084968322 30.3604101549 414 vish
-157.452993172 1.9271668314 415 wake
-65.9631460102 17.9421843517 416 warn
174.5184806749 -41.2303662833 417 wlgt
-88.9084968322 30.3604101549 418 wlms
-157.452993172 1.9271668314 419 xmas
-65.9631460102 17.9421843517 420 yabu
