1 0 0 0 0 0 0 0 0	 ! https://schism-dev.github.io/schism/master/input-output/optional-inputs.html#stationin-bp-format
420	 ! number of stations
1 -65.8905792236 -47.7670211792 0 	!	 dese 3896781.0000000000 -65.9150000000 -47.7540000000 3.8169000149 2329.9235036081
2 -65.0252304077 -42.7683792114 0 	!	 madry 4879959.0000000000 -65.0310000000 -42.7630000000 2.2774899006 761.3142868734
3 147.3522491455 -42.8940696716 0 	!	 bapj 4901184.0000000000 147.3380000000 -42.8920000000 16.0093994141 1183.3893816566
4 122.2225036621 -17.9992408752 0 	!	 brom 2141670.0000000000 122.2190000000 -18.0010000000 11.7139701843 418.9840906993
5 145.9169616699 -41.0446891785 0 	!	 barn 4861867.0000000000 145.9150000000 -41.0500000000 8.7208995819 613.0212669696
6 117.9020996094 -15.0090398788 0 	!	 djve 634782.0000000000 117.9420000000 -15.0230000000 5681.3105468750 4557.7129748797
7 130.8414154053 -12.4735603333 0 	!	 bork 4963696.0000000000 6.7494440000 53.5575000000 18.7752704620 527.1241088758
8 150.9126739502 -34.4771499634 0 	!	 darw 4215246.0000000000 130.8460000000 -12.4720000000 0.2943400145 355.6663469825
9 114.1926574707 -21.8150100708 0 	!	 boul 457046.0000000000 1.5774600000 50.7275000000 12.1950197220 279.7081620526
10 150.7850036621 -23.1566696167 0 	!	 pkem 4673551.0000000000 150.9120000000 -34.4740000000 2.4990100861 701.9783960674
11 147.9339294434 -42.5471000671 0 	!	 pmur 4926958.0000000000 114.1910000000 -21.8170000000 2.0000000000 144.0833255950
12 133.6346130371 -32.1476516724 0 	!	 ross 2904263.0000000000 150.7900000000 -23.1610000000 2.0000000000 619.7149783973
13 142.2384185791 -10.5704698563 0 	!	 sprg 3298929.0000000000 147.9330000000 -42.5460000000 2.0000000000 2490.5438785264
14 2.9301900864 51.2371482849 0 	!	 thev 2437466.0000000000 133.6410000000 -32.1490000000 2.0000000000 414.5827925472
15 -48.4956016541 -1.4450900555 0 	!	 trst 726181.0000000000 142.2220000000 -10.5860000000 2.0000000000 346.4399553366
16 -125.1323699951 48.8480682373 0 	!	 oste 3456997.0000000000 2.9270000000 51.2340000000 71.4623107910 1056.7076391043
17 -52.6847000122 47.5683403015 0 	!	 bele 2536386.0000000000 -48.4960000000 -1.4420000000 1.9744600058 2654.7396774692
18 -123.1596069336 49.2912216187 0 	!	 bamf 4983021.0000000000 -125.1400000000 48.8400000000 8.0847196579 3222.6289337735
19 -70.2140808105 -52.6553688049 0 	!	 stjo 1083547.0000000000 -52.7200000000 47.5700000000 14.8350601196 888.1682355292
20 -57.8981895447 -63.3179893494 0 	!	 vhbc 5100971.0000000000 -123.1170000000 49.2830000000 2.0000000000 362.9880168969
21 -70.8351135254 -27.0583400726 0 	!	 greg 2884394.0000000000 -70.2090000000 -52.6480000000 9.7316503525 1245.5198342806
22 -71.3395767212 -29.9442901611 0 	!	 ohig3 3695156.0000000000 -57.9010000000 -63.3210000000 2.0000000000 773.0148469877
23 -73.4720764160 -39.8672790527 0 	!	 cald 3194212.0000000000 -70.8250000000 -27.0650000000 2.0000000000 4427.6849878682
24 -71.5314407349 -32.1402282715 0 	!	 coqu 3048978.0000000000 -71.3350000000 -29.9500000000 9.0480403900 523.3216584696
25 -71.5930175781 -30.2913494110 0 	!	 corr 4027474.0000000000 -73.4270000000 -39.8870000000 7.6393098831 1440.3304809560
26 -72.8266983032 -45.4609603882 0 	!	 pich 1750022.0000000000 -71.5290000000 -32.1360000000 2.0000000000 850.8208626669
27 -67.3713836670 -54.9078788757 0 	!	 ptal 3794258.0000000000 -71.6080000000 -30.2920000000 3.7204198837 15565.4186757437
28 -71.5151824951 -32.7757492065 0 	!	 pcha 4044572.0000000000 -72.8200000000 -45.4670000000 6.0177497864 921.6371526445
29 -73.0572204590 -36.6341590881 0 	!	 pwil 3573361.0000000000 -67.6110000000 -54.9330000000 2.0000000000 205.6430749230
30 -73.1034774780 -36.6969490051 0 	!	 qtro 4452993.0000000000 -71.5250000000 -32.7750000000 2.0000000000 503.4707082008
31 178.4196166992 -18.1274108887 0 	!	 quir 2443175.0000000000 -73.0570000000 -36.6360000000 11.8317699432 866.8153466033
32 -1.6334799528 49.6556587219 0 	!	 talc 3050038.0000000000 -73.1060000000 -36.7010000000 1.5416599512 677.2589169826
33 45.2587089539 -12.7845401764 0 	!	 viti 3530386.0000000000 178.4240000000 -18.1340000000 13.6150999069 187.7235881218
34 -2.3033199310 47.0254287720 0 	!	 cher 4960732.0000000000 -1.6300000000 49.6500000000 0.4989500046 333.5469301415
35 167.8619232178 -21.5582103729 0 	!	 dzao 2289091.0000000000 45.2580000000 -12.7830000000 2.0000000000 1928.7891885488
36 -140.0708160400 -8.9269104004 0 	!	 herb 4599449.0000000000 -2.2990000000 47.0260000000 2.0000000000 2044.9119527324
37 -2.8287200928 48.6524314880 0 	!	 mare 4711547.0000000000 167.8770000000 -21.5480000000 2.0000000000 697.5090709005
38 -2.8287200928 48.6524314880 0 	!	 nuku 4711547.0000000000 -140.0850000000 -8.9150000000 2.0000000000 697.5090709005
39 -149.4698944092 -23.3386402130 0 	!	 stqy 4059077.0000000000 -2.8220000000 48.6480000000 22.2943592072 726.7328260987
40 8.7199497223 53.8675117493 0 	!	 stqy2 4787536.0000000000 -2.8220000000 48.6480000000 6.4576802254 200.8777599773
41 7.9011402130 54.1826286316 0 	!	 tubua 3373359.0000000000 -149.4760000000 -23.3420000000 3.5173900127 989.3087674601
42 8.3016004562 54.7640686035 0 	!	 cuxh 5124304.0000000000 8.7170000000 53.8680000000 0.4719200134 736.5254143939
43 22.4367198944 38.4208488464 0 	!	 helg 3490157.0000000000 7.8910000000 54.1760000000 11.5412397385 1776.7493495224
44 12.5918998718 35.4990997314 0 	!	 horn 399685.0000000000 8.2970000000 54.7580000000 13.7106199265 1099.9412262108
45 131.4098052979 31.5869407654 0 	!	 itea 1561817.0000000000 22.4200000000 38.4300000000 2.0000000000 771.9982336356
46 139.9332275391 40.6622314453 0 	!	 LA23 3101751.0000000000 12.6040000000 35.5000000000 3.6416399479 1387.0581100437
47 132.0659027100 34.9028587341 0 	!	 abur 1494068.0000000000 131.4100000000 31.5800000000 2.0000000000 490.5732687389
48 145.5846710205 43.2725105286 0 	!	 fuka 2926999.0000000000 139.9300000000 40.6500000000 11.3159198761 1450.5852774337
49 124.1612014771 24.3266601562 0 	!	 hmda 1734182.0000000000 132.0700000000 34.9000000000 10.6158800125 390.8167445227
50 135.7550506592 33.4773292542 0 	!	 hana 2681104.0000000000 145.5700000000 43.2800000000 2.0000000000 1417.9498856997
51 144.3719024658 42.9788818359 0 	!	 ishig 1471196.0000000000 124.1600000000 24.3300000000 2.0000000000 198.5230260500
52 129.8397216797 32.7150382996 0 	!	 kusm 4914358.0000000000 135.7700000000 33.4800000000 2.3464701176 3965.6117697273
53 127.6678695679 26.2129592896 0 	!	 kush 2200858.0000000000 144.3700000000 42.9800000000 2.0000000000 391.7264893220
54 138.2258911133 34.6105308533 0 	!	 naga 4967855.0000000000 129.8700000000 32.7400000000 2.0000000000 542.3603869484
55 138.5171051025 38.3255195618 0 	!	 naha 4569917.0000000000 127.6700000000 26.2100000000 2.0000000000 663.6727046105
56 133.3379058838 36.1978797913 0 	!	 omae 4365391.0000000000 138.2200000000 34.6100000000 2.0000000000 747.5524927904
57 132.9779510498 32.7960586548 0 	!	 sado 1376700.0000000000 138.5200000000 38.3200000000 2.0000000000 2450.3820269646
58 141.6796875000 45.4111289978 0 	!	 saig 4859230.0000000000 133.3300000000 36.2000000000 2.0000000000 814.7366513673
59 -171.7089843750 -2.8011300564 0 	!	 tosa 667979.0000000000 132.9600000000 32.7800000000 31.4078006744 1001.3984411040
60 -96.1229324341 15.7497901917 0 	!	 waka 4217349.0000000000 141.6900000000 45.4100000000 2.0000000000 635.3187416842
61 171.4412689209 -41.9073600769 0 	!	 kant 2692448.0000000000 -171.7180000000 -2.8010000000 2.0000000000 772.6032779725
62 16.1419200897 69.3307495117 0 	!	 huat 4336691.0000000000 -96.1170000000 15.7500000000 6.7555699348 593.8837911607
63 25.9839706421 70.9793777466 0 	!	 chst 2579000.0000000000 171.4340000000 -41.9030000000 2.0000000000 403.5389391033
64 5.1106400490 61.9301185608 0 	!	 ande 1418385.0000000000 16.1350000000 69.3260000000 2.0000000000 461.9326691450
65 11.2320499420 64.8300704956 0 	!	 honn 4823167.0000000000 25.9730000000 70.9800000000 2.0000000000 3218.2730393402
66 7.5353798866 57.9987792969 0 	!	 malo 4126849.0000000000 5.1170000000 61.9330000000 2.0000000000 1407.4981245802
67 31.1093196869 70.3676986694 0 	!	 rorv 4877747.0000000000 11.2300000000 64.8590000000 14.9409799576 835.8339161517
68 125.6587677002 7.1553502083 0 	!	 treg 1025544.0000000000 7.5550000000 58.0060000000 2.0000000000 490.4889034075
69 -176.1510467529 -9.5045204163 0 	!	 vard 677325.0000000000 31.1040000000 70.3750000000 4912.5424804688 10629.0539626430
70 -17.8949604034 27.7816696167 0 	!	 davo 4534698.0000000000 125.6630000000 7.1540000000 51.1091613770 739.4222153262
71 -13.8630800247 28.4906997681 0 	!	 dapi 4448688.0000000000 -176.2470000000 -9.5180000000 2.0000000000 558.4723030702
72 -8.4066095352 43.3645896912 0 	!	 hie2 524532.0000000000 -17.9020000000 27.7840000000 2.0000000000 597.7481089862
73 16.9492092133 58.4819717407 0 	!	 fue2 4552672.0000000000 -13.8580000000 28.4930000000 4.0931601524 721.5211552309
74 18.2127704620 60.4047698975 0 	!	 coru 4426949.0000000000 -8.4000000000 43.3670000000 0.9309399724 480.3080677928
75 21.2389907837 64.9171295166 0 	!	 arko 1177105.0000000000 16.9610000000 58.4840000000 0.1507200003 397.0701915558
76 11.7749700546 57.6935501099 0 	!	 fors 4026130.0000000000 18.2110000000 60.4090000000 0.6345400214 368.8815588538
77 20.3590202332 63.6940193176 0 	!	 furu 4659959.0000000000 21.2310000000 64.9160000000 2.0000000000 631.9301597506
78 23.1005802155 65.6922378540 0 	!	 gokr 4294760.0000000000 11.7710000000 57.6910000000 16.2734298706 569.5099302979
79 14.8118400574 56.1467018127 0 	!	 holm 3002377.0000000000 20.3470000000 63.6960000000 5.9160599709 990.1737301938
80 12.8992595673 55.5271492004 0 	!	 kalit 4945211.0000000000 23.0960000000 65.6970000000 0.6917099953 661.3802717539
81 15.5934600830 56.1067085266 0 	!	 karl 5050630.0000000000 14.8210000000 56.1540000000 3.8428599834 335.5302586755
82 11.1255502701 58.9976806641 0 	!	 klag 4144241.0000000000 12.8940000000 55.5220000000 0.3507100046 112.3509060322
83 17.8675193787 58.7669715881 0 	!	 kung 1110488.0000000000 15.5890000000 56.1050000000 13.0216398239 540.4958962279
84 17.1093502045 57.3602714539 0 	!	 kungr 3790465.0000000000 11.1270000000 58.9970000000 5.2412400246 976.8721363011
85 16.4972705841 57.2682495117 0 	!	 land 294842.0000000000 17.8590000000 58.7690000000 7.5229701996 1380.4302212558
86 17.1371002197 58.6609382629 0 	!	 olan 4486457.0000000000 17.0970000000 57.3660000000 2.0000000000 709.6662206599
87 20.8856906891 63.9822807312 0 	!	 oska 3727546.0000000000 16.4780000000 57.2750000000 2.0000000000 614.1532885891
88 16.6724491119 57.4134597778 0 	!	 oxel 4301273.0000000000 17.1250000000 58.6620000000 0.4978899956 439.5749012784
89 14.3520097733 55.5625305176 0 	!	 rata 3388023.0000000000 20.8950000000 63.9860000000 0.6167899966 721.1698499441
90 11.2120199203 58.3479614258 0 	!	 simp 4405370.0000000000 16.6760000000 57.4100000000 12.2087097168 756.7007189144
91 17.5420207977 62.3650512695 0 	!	 simr 4465217.0000000000 14.3580000000 55.5570000000 22.1441001892 612.4861075824
92 18.2759208679 57.6389808655 0 	!	 smog 2047067.0000000000 11.2180000000 58.3540000000 15.0459899902 480.8529777992
93 39.1801300049 -6.1558599472 0 	!	 spik 3529944.0000000000 17.5310000000 62.3630000000 12.4475698471 724.7421142311
94 -175.2003173828 -21.1269893646 0 	!	 visb 3668233.0000000000 18.2840000000 57.6390000000 12.7545299530 480.0614709561
95 32.3841896057 41.7480392456 0 	!	 zanz 3501248.0000000000 39.1830000000 -6.1500000000 4.7705998421 788.4157145879
96 30.6107406616 36.8294296265 0 	!	 nkfa 4196555.0000000000 -175.1970000000 -21.1300000000 9.2939701080 757.7584497975
97 28.0370197296 41.8877105713 0 	!	 amas 2736315.0000000000 32.3920000000 41.7440000000 2.0000000000 1087.2522668782
98 29.5981101990 41.1750297546 0 	!	 anta 5134938.0000000000 30.6130000000 36.8360000000 21.1489505768 740.5588915713
99 -2.0634601116 57.1368904114 0 	!	 igne 1677568.0000000000 28.0240000000 41.8890000000 2.0000000000 1056.1482417199
100 -5.6664500237 54.6758499146 0 	!	 sile 4452365.0000000000 29.6040000000 41.1800000000 8.5133495331 1777.1531061545
101 1.3143999577 52.9406204224 0 	!	 abed 3380163.0000000000 -2.0800000000 57.1400000000 4.1003899574 1525.1144041120
102 1.3165400028 51.1185607910 0 	!	 bang 4505568.0000000000 -5.6700000000 54.6600000000 2.0000000000 982.0789216865
103 1.2900700569 51.9416084290 0 	!	 crom 1819694.0000000000 1.3000000000 52.9300000000 2.0000000000 933.1124768474
104 -2.9322299957 54.0274505615 0 	!	 dove 4996187.0000000000 1.3200000000 51.1100000000 1.3737499714 847.5975752412
105 -4.6294398308 53.3120994568 0 	!	 harw 4781342.0000000000 1.2900000000 51.9500000000 2.0000000000 669.1823975710
106 -4.1138601303 51.2102394104 0 	!	 heys 4794609.0000000000 -2.9200000000 54.0300000000 2.0000000000 270.2106905610
107 -5.0839400291 58.4632415771 0 	!	 holy2 4681901.0000000000 -4.6200000000 53.3100000000 8.9227399826 2006.6809388062
108 -3.1821401119 55.9885215759 0 	!	 ilfa 3979371.0000000000 -4.1100000000 51.2100000000 3.0564799309 211.5250606284
109 -1.1585700512 60.1330108643 0 	!	 kinl 2746788.0000000000 -5.0500000000 58.4600000000 14.0646295547 2557.8662256898
110 -3.0267701149 53.4518089294 0 	!	 leit 3733741.0000000000 -3.1800000000 55.9900000000 7.8231701851 491.3592049816
111 1.7466000319 52.4732208252 0 	!	 lerw2 4522803.0000000000 -1.1450000000 60.1550000000 2.0000000000 425.7937285273
112 -5.0924501419 51.7077102661 0 	!	 live 524141.0000000000 -3.0200000000 53.4500000000 6.1333098412 2935.9939188246
113 -4.9093499184 55.7583694458 0 	!	 lowe 714930.0000000000 1.7500000000 52.4700000000 11.2937602997 931.5285179677
114 -3.9790298939 51.5761108398 0 	!	 mhav 1193387.0000000000 -5.0500000000 51.7100000000 2.0000000000 682.7938549205
115 0.0682199970 50.7769508362 0 	!	 mill 4503575.0000000000 -4.9100000000 55.7500000000 1.7881000042 670.0653757639
116 -5.5403699875 50.1010894775 0 	!	 mumb 1520842.0000000000 -3.9800000000 51.5700000000 2.0000000000 283.4029440477
117 -2.9985399246 51.5246086121 0 	!	 nhav 3545794.0000000000 0.0600000000 50.7800000000 2.0000000000 2884.5142722285
118 -1.4154100418 55.0068397522 0 	!	 newl2 3884904.0000000000 -5.5430000000 50.1030000000 2.4246799946 1606.8829102050
119 -4.1646900177 50.3407592773 0 	!	 npor 4991003.0000000000 -2.9900000000 51.5500000000 2.0000000000 3714.2929896073
120 -5.1114001274 54.8357505798 0 	!	 nshi 4056739.0000000000 -1.4400000000 55.0100000000 2.0000000000 725.6335782764
121 -6.6747698784 55.2091217041 0 	!	 plym 4478902.0000000000 -4.1900000000 50.3700000000 19.7070598602 942.1535368042
122 -1.1029299498 50.7979888916 0 	!	 porp 1902069.0000000000 -5.1200000000 54.8400000000 5.7983899117 544.8860016506
123 0.7478600144 51.4458808899 0 	!	 prus 4962315.0000000000 -6.6600000000 55.2100000000 4.1598501205 711.6733231428
124 -6.3753700256 58.1936111450 0 	!	 ptmt 2648218.0000000000 -1.1100000000 50.8000000000 7.9193201065 2013.8951415339
125 -0.6161699891 54.4960403442 0 	!	 shee 2292848.0000000000 0.7400000000 51.4500000000 2.0000000000 780.9616141370
126 -3.0924899578 58.4370193481 0 	!	 stor 3221023.0000000000 -6.3900000000 58.2100000000 2.0000000000 361.7309043498
127 -3.5727000237 54.6463699341 0 	!	 whit 1892655.0000000000 -0.6100000000 54.4900000000 2.0000000000 439.4368673308
128 -122.3002166748 37.7675094604 0 	!	 wick 4909242.0000000000 -3.0900000000 58.4400000000 5.1672201157 535.9926344608
129 -123.7213287354 38.9100189209 0 	!	 work 1618115.0000000000 -3.5700000000 54.6500000000 12.9034500122 1451.1717177198
130 -123.7642822266 46.2068710327 0 	!	 alam 4477925.0000000000 -122.2980000000 37.7720000000 5.9616899490 243.9228105246
131 -174.1688995361 52.2173881531 0 	!	 aren 1699830.0000000000 -123.7050000000 38.9130000000 23.2932701111 1648.5946048098
132 -74.4106903076 39.3514900208 0 	!	 asto 1476048.0000000000 -123.7670000000 46.2080000000 4.6040401459 739.8236115779
133 -76.5832366943 39.2696113586 0 	!	 atka 2240591.0000000000 -174.1730000000 52.2320000000 2.4517500401 536.2284845202
134 -68.1976623535 44.3902893066 0 	!	 acnj 2737149.0000000000 -74.4180000000 39.3550000000 9.7292699814 613.2790887881
135 -76.6768264771 34.7211608887 0 	!	 bamd 5110412.0000000000 -76.5780000000 39.2670000000 3.1644799709 637.1230214004
136 -71.0500869751 42.3533782959 0 	!	 bame 1419624.0000000000 -68.2050000000 44.3920000000 2.0000000000 239.2245222240
137 -73.1729278564 41.1670913696 0 	!	 benc 4667213.0000000000 -76.6700000000 34.7200000000 2.7874300480 1004.1404050755
138 -64.9348373413 18.3294792175 0 	!	 boma 5171802.0000000000 -71.0520000000 42.3550000000 2.0000000000 1682.1234011977
139 -122.7608184814 48.8661003113 0 	!	 bgct 4241302.0000000000 -73.1820000000 41.1730000000 9.7505903244 401.6841512519
140 -82.8278884888 27.9753208160 0 	!	 amal 4105056.0000000000 -64.9200000000 18.3350000000 2.0000000000 501.7644589862
141 -124.1889038086 41.7501907349 0 	!	 chrp 4855444.0000000000 -122.7580000000 48.8630000000 2.0000000000 756.9876424793
142 153.8090057373 12.0361099243 0 	!	 cwfl 677741.0000000000 -82.8320000000 27.9780000000 5972.7348632812 16233.4128285371
143 171.8718566895 50.2003593445 0 	!	 cres 1874730.0000000000 -124.1830000000 41.7450000000 4825.4086914062 5562.1839911872
144 -75.7492523193 36.1800498962 0 	!	 dkwa 3176294.0000000000 153.9070000000 11.9260000000 2.0000000000 385.3204259304
145 -166.5199127197 53.8833312988 0 	!	 datu 605410.0000000000 171.8970000000 50.1530000000 4.9490900040 858.5577516557
146 -136.3522949219 58.1968002319 0 	!	 dpnc 440921.0000000000 -75.7470000000 36.1830000000 35.0049591064 689.4012075960
147 -122.4714736938 37.8112983704 0 	!	 dutc 982775.0000000000 -166.5330000000 53.8830000000 27.9083805084 742.8869551518
148 144.6497650146 13.4321203232 0 	!	 elak 510076.0000000000 -136.3430000000 58.1930000000 12.9137096405 697.0432375034
149 -155.0582122803 19.7370395660 0 	!	 fpnt 4722805.0000000000 -122.4650000000 37.8070000000 8.6025695801 449.7284032290
150 -156.4710235596 20.8954505920 0 	!	 guam 4487576.0000000000 144.6520000000 13.4380000000 2.1987600327 301.0820486863
151 -155.8274230957 20.0409107208 0 	!	 hilo 3804353.0000000000 -155.0580000000 19.7330000000 2.0000000000 725.7863337804
152 -81.8039703369 24.5508804321 0 	!	 kahu 1206528.0000000000 -156.4720000000 20.8980000000 5.0682301521 470.8044395351
153 -117.2624588013 32.8722000122 0 	!	 kawa 5181010.0000000000 -155.8320000000 20.0360000000 43.6003417969 712.5592814585
154 -64.7500228882 17.7016506195 0 	!	 kwfl 3117797.0000000000 -81.8080000000 24.5530000000 2.0000000000 851.1049218494
155 144.7997741699 13.4198303223 0 	!	 lajo 510070.0000000000 -117.2580000000 32.8670000000 93.0491485596 956.6956632197
156 -120.7627487183 35.1622886658 0 	!	 lime 4775528.0000000000 -64.7540000000 17.6950000000 2.0000000000 1090.2365543075
157 -160.4974975586 55.3349990845 0 	!	 pagb 3838620.0000000000 144.7970000000 13.4280000000 5.5996799469 361.3658751656
158 -135.3370513916 57.0483207703 0 	!	 pslu 1638429.0000000000 -120.7530000000 35.1680000000 5.6380300522 506.8986927908
159 -124.1162490845 46.9131698608 0 	!	 sdpt 4915940.0000000000 -160.5020000000 55.3370000000 4.4980301857 745.5183067327
160 -70.6837768555 41.5230407715 0 	!	 sitk 331144.0000000000 -135.3420000000 57.0520000000 10.9066200256 980.4391947584
161 -139.7304077148 59.5547218323 0 	!	 wpwa 4230956.0000000000 -124.1100000000 46.9080000000 1.2684799433 790.9621903403
162 79.8563385010 6.9467501640 0 	!	 wood 1332171.0000000000 -70.6720000000 41.5230000000 2.0000000000 947.7941171978
163 -177.7245330811 -36.0998382568 0 	!	 yaku 1314375.0000000000 -139.7350000000 59.5480000000 5781.5043945312 5844.9787344382
164 -130.3314361572 54.2426185608 0 	!	 colo 2608686.0000000000 79.8500000000 6.9410000000 0.5884199739 8323.7653626580
165 144.2816925049 44.0217094421 0 	!	 dnze 5163762.0000000000 -177.7080000000 -36.0490000000 2.0000000000 690.9188704888
166 -89.8302612305 13.5775995255 0 	!	 prin2 4206298.0000000000 -130.3170000000 54.3170000000 2.0000000000 949.8774766788
167 -99.9097976685 16.8418693542 0 	!	 abas 4761725.0000000000 144.2900000000 44.0200000000 2.0000000000 845.5405854632
168 -176.6248168945 51.8619384766 0 	!	 acaj 941683.0000000000 -89.8381280000 13.5737920000 2.4920101166 507.1799878336
169 -176.6248168945 51.8619384766 0 	!	 acap2 941683.0000000000 -99.9030000000 16.8379333000 2.4920101166 507.1799878336
170 8.7507801056 41.9145011902 0 	!	 adak 1098556.0000000000 -176.6320000000 51.8630000000 115.9536132812 977.6621403852
171 -0.4822799861 38.3360099792 0 	!	 adak2 4615842.0000000000 -176.6320000000 51.8630000000 0.2263000011 329.4205797347
172 -154.2277374268 56.8980789185 0 	!	 ajac 1368702.0000000000 8.7600000000 41.9200000000 2.0000000000 1238.2397526469
173 -2.4765100479 36.8230590820 0 	!	 alac2 288541.0000000000 -0.4813889000 38.3388889000 24.9529495239 791.1541258357
174 13.5052404404 43.6213493347 0 	!	 alak2 958202.0000000000 -154.2481000000 56.8975000000 2.0000000000 393.6310128845
175 -149.8886718750 61.2304687500 0 	!	 alme 5147958.0000000000 -2.4783500000 36.8300200000 2.0000000000 838.2081746577
176 -70.4080963135 -23.6561908722 0 	!	 AN15 4884498.0000000000 13.5065166667 43.6247666667 10.0266704559 416.3095562931
177 -84.9832992554 29.7306308746 0 	!	 anch2 4751858.0000000000 -149.8880000000 61.2380000000 2.0000000000 422.7776623048
178 -91.3394699097 29.4538803101 0 	!	 anto2 1170602.0000000000 -70.4046243600 -23.6542151700 2.0000000000 494.0861056154
179 -66.7072296143 18.4772605896 0 	!	 apfl 4494305.0000000000 -84.9820000000 29.7270000000 19.1698493958 623.8391643619
180 -1.1615200043 44.6652297974 0 	!	 apla 5177780.0000000000 -91.3381000000 29.4496000000 2.0000000000 162.5627804887
181 -70.3268890381 -18.4799404144 0 	!	 aracS 4619493.0000000000 -66.7024000000 18.4805000000 2.0000000000 600.6936856132
182 35.8826904297 36.4214210510 0 	!	 arca 3127132.0000000000 -1.1635500000 44.6650000000 4.4966001511 685.8746420374
183 -4.5375599861 48.0021591187 0 	!	 aric2 1949223.0000000000 -70.3232305000 -18.4758000000 1.7828600407 2161.8932200872
184 12.6371002197 41.4498481750 0 	!	 arsu 3794577.0000000000 35.8851900000 36.4155900000 2.0000000000 383.8880117316
185 16.8712902069 41.1427803040 0 	!	 audi 1393833.0000000000 -4.5372000000 48.0216000000 18.9119701385 525.1190358830
186 2.1680500507 41.3343086243 0 	!	 AZ42 3303401.0000000000 12.6347972222 41.4468583333 13.8382997513 852.5505251061
187 115.2156982422 -8.7631196976 0 	!	 BA05 271506.0000000000 16.8660333333 41.1402055556 5.6970400810 399.4791374755
188 -3.0436599255 43.3581886292 0 	!	 barc 778489.0000000000 2.1657000000 41.3417700000 21.0315399170 749.8852687369
189 57.7161102295 -20.4460792542 0 	!	 beno 2287030.0000000000 115.2166000000 -8.7666000000 31.6456108093 579.5540524972
190 -6.3850698471 36.8000297546 0 	!	 bil3 3653060.0000000000 -3.0451300000 43.3515300000 2.0000000000 4186.3600241965
191 6.7562098503 53.5592918396 0 	!	 blueb 3344267.0000000000 57.7109500000 -20.4441333300 2.0000000000 489.2897813278
192 1.5699399710 50.7306900024 0 	!	 bon2 1551351.0000000000 -6.3381300000 36.8022100000 4.0535798073 637.1628627841
193 32.9533615112 36.1014709473 0 	!	 djve 5043932.0000000000 117.9420000000 -15.0230000000 2.0000000000 1172.6644114284
194 -4.5120801926 48.3752403259 0 	!	 bork 4187092.0000000000 6.7494440000 53.5575000000 2.0000000000 1037.3790534928
195 -158.1204376221 21.3225402832 0 	!	 darw 4542076.0000000000 130.8460000000 -12.4720000000 2.0000000000 143.7426018313
196 -74.0144500732 40.6929016113 0 	!	 boul 264633.0000000000 1.5774600000 50.7275000000 10.8841896057 917.5624700499
197 -69.0173034668 12.1930904388 0 	!	 bozy 5144652.0000000000 32.9413108826 36.0974197388 2.0000000000 687.9348151717
198 9.1209297180 39.2045288086 0 	!	 bres 3329083.0000000000 -4.5000000000 48.3800000000 2.0000000000 848.5155202218
199 -77.1689987183 -12.0693101883 0 	!	 brpt 2087079.0000000000 -158.1193000000 21.3218000000 5.6743102074 241.5573290747
200 -1.8950899839 36.9823303223 0 	!	 btny2 288552.0000000000 -74.0200000000 40.7000000000 6.9150800705 978.3217755654
201 -9.4104995728 38.6972312927 0 	!	 bull 2602002.0000000000 -69.0196139000 12.1873306000 2.0000000000 620.3508143944
202 -76.0670700073 38.5673217773 0 	!	 CA02 406607.0000000000 9.1142000000 39.2101000000 2.0000000000 673.2936860880
203 9.3470201492 42.9702682495 0 	!	 call 3071572.0000000000 -77.1668000000 -12.0690000000 2.0000000000 452.3568080920
204 15.9214096069 39.5217094421 0 	!	 carb 4799332.0000000000 -1.8995900000 36.9743000000 2.0000000000 572.6489833392
205 8.3089399338 39.1411514282 0 	!	 casc 3657337.0000000000 -9.4153840000 38.6931580000 2.0000000000 281.7397767133
206 142.1920928955 27.0849800110 0 	!	 cbmd 788466.0000000000 -76.0683000000 38.5733000000 2.0000000000 595.4100538271
207 105.6641769409 -10.4249601364 0 	!	 cent 3749378.0000000000 9.3501460000 42.9669040000 2.0000000000 746.7335227186
208 91.7699966431 22.3002796173 0 	!	 CETR 3219545.0000000000 15.9201710000 39.5267700000 2.0000000000 6744.9401275233
209 151.9046325684 7.4514999390 0 	!	 CF06 4167235.0000000000 8.3081000000 39.1436000000 28.3430595398 745.2809146426
210 11.7848501205 42.0974502563 0 	!	 chij 1191536.0000000000 142.1900000000 27.0900000000 1.0153299570 554.4614129579
211 109.0243911743 -7.7479000092 0 	!	 chrs 3930921.0000000000 105.6693000000 -10.4294000000 2.8338699341 2697.5339233469
212 -74.9653396606 38.9659118652 0 	!	 chtt 5114325.0000000000 91.8250000000 22.3333000000 1.4164899588 532.5664883855
213 96.8899002075 -12.1093797684 0 	!	 chuu 430191.0000000000 151.8982417000 7.4536833000 28.6726093292 842.5088077179
214 76.2403106689 9.9534101486 0 	!	 CI20 4541900.0000000000 11.7896472222 42.0939583333 2.0000000000 2277.4778893265
215 -3.9176299572 47.8725204468 0 	!	 cili 723869.0000000000 109.0000000000 -7.7500000000 2.0000000000 775.6804153806
216 -145.7960662842 60.5974311829 0 	!	 cmnj 4656005.0000000000 -74.9600000000 38.9683000000 2.0000000000 4975.7635874762
217 -93.3390579224 29.7682209015 0 	!	 cocb 4758413.0000000000 96.8919000000 -12.1167000000 2.0000000000 370.8513811723
218 17.1293106079 39.0788192749 0 	!	 coch 4477885.0000000000 76.2600000000 9.9600000000 2.0000000000 852.7602137374
219 15.1042804718 37.4990501404 0 	!	 conc 1676612.0000000000 -3.9073800000 47.8737000000 13.9569997787 931.9173095474
220 -67.2117462158 44.6526107788 0 	!	 cord 3500008.0000000000 -145.7530000000 60.5580000000 2.0000000000 471.7069762656
221 -17.4160003662 14.6727800369 0 	!	 cpla 1889446.0000000000 -93.3429000000 29.7682000000 7.7192797661 559.7274653683
222 -169.8982543945 49.5548210144 0 	!	 CR08 398829.0000000000 17.1370555556 39.0835805556 5377.8476562500 12125.2738247705
223 158.1980438232 6.9813399315 0 	!	 CT03 4175508.0000000000 15.0938000000 37.4980000000 2.0000000000 241.3956607721
224 6.9551000595 53.3421516418 0 	!	 cwme 2798638.0000000000 -67.2100000000 44.6566670000 2.0000000000 2268.3109749935
225 4.7513198853 52.9623603821 0 	!	 dakar 491279.0000000000 -17.4200000000 14.6760000000 6.7219400406 548.7126619552
226 1.0942000151 49.9371910095 0 	!	 dchu 1711195.0000000000 -169.8717000000 49.6625000000 2.0000000000 1035.8364973687
227 1.0942000151 49.9371910095 0 	!	 deke 1711195.0000000000 158.2001000000 6.9806000000 2.0000000000 1035.8364973687
228 -148.4294128418 55.2740287781 0 	!	 delf 838510.0000000000 6.9329699417 53.3266112653 4227.7290039062 8619.1089972570
229 -129.5364227295 48.8158111572 0 	!	 denh 857123.0000000000 4.7434234427 52.9636753352 2804.2233886719 6267.7689297188
230 -156.8373260498 52.7341308594 0 	!	 diep 1198095.0000000000 1.0850000000 49.9300000000 4528.0766601562 8823.3811869375
231 2.3687100410 51.0513610840 0 	!	 diep2 4437209.0000000000 1.0850000000 49.9300000000 0.4087699950 389.9735221018
232 -109.4405212402 -27.1485195160 0 	!	 dkod 4466560.0000000000 -148.5500000000 55.3100000000 167.5147552490 712.2099574337
233 -78.9459228516 9.5603599548 0 	!	 dsea 557055.0000000000 -129.6219000000 48.8128000000 12.2984895706 426.1006882259
234 -66.9844589233 44.9043617249 0 	!	 dshu 4621311.0000000000 -156.7783000000 52.6633000000 16.8295898438 125.5140609271
235 34.2565917969 36.5671501160 0 	!	 dunk 1184517.0000000000 2.3666980000 51.0480900000 2.0000000000 395.3392112039
236 121.8885803223 -33.8750190735 0 	!	 east2 4291689.0000000000 -109.4394260000 -27.1548500000 2.0000000000 778.5820569883
237 3.2587599754 51.9927291870 0 	!	 elpo 2044992.0000000000 -78.9491800000 9.5582700000 31.0000000000 1222.4827833212
238 -65.6263580322 18.3339900970 0 	!	 epme 1970514.0000000000 -66.9850000000 44.9033000000 2.0000000000 502.3940303400
239 -81.4648818970 30.6794795990 0 	!	 erdem 4963379.0000000000 34.2553871900 36.5637289200 1.1028300524 831.7701531442
240 147.0580444336 -19.2842597961 0 	!	 espe 4004434.0000000000 121.8954000000 -33.8709000000 2.0000000000 774.7933288821
241 6.9340000153 43.4879302979 0 	!	 euro 4408786.0000000000 3.2746870029 51.9976988652 2.0000000000 489.4295797308
242 -82.0730972290 26.6566295624 0 	!	 faja 893095.0000000000 -65.6311000000 18.3336000000 2.0000000000 20197.0635774634
243 179.1879119873 -8.5040998459 0 	!	 fbfl 4232542.0000000000 -81.4650000000 30.6720000000 2.0000000000 773.6185361349
244 -38.4667701721 -3.7133200169 0 	!	 ferg 649589.0000000000 147.0584000000 -19.2773000000 5.0887598991 372.2119638584
245 -80.9013671875 32.0345802307 0 	!	 figu 4746077.0000000000 6.9337670000 43.4835320000 14.3445901871 185.5628384093
246 -166.2880554199 23.8675403595 0 	!	 fmfl 3949788.0000000000 -81.8700000000 26.6500000000 88.1767578125 517.5655700738
247 -61.0642013550 14.5958995819 0 	!	 fong 5146464.0000000000 179.1949000000 -8.5033000000 5.4243202209 648.0789928140
248 13.5953502655 41.2066307068 0 	!	 fort 4824686.0000000000 -38.4667000000 -3.7166666670 28.6390094757 600.1968082289
249 -134.9615478516 -23.1121997833 0 	!	 fpga 3231551.0000000000 -80.9020000000 32.0330000000 2.0000000000 973.4871344028
250 -0.1535200030 38.9870796204 0 	!	 fren 1299267.0000000000 -166.2830000000 23.8670000000 2.0000000000 922.6087259418
251 73.1417999268 -0.6853100061 0 	!	 ftfr 4759260.0000000000 -61.0633330000 14.6016670000 0.2694599926 1170.5734480015
252 72.4001235962 -7.2873501778 0 	!	 GA37 1560220.0000000000 13.5897361111 41.2099916667 6.6758699417 765.0033484385
253 8.9317598343 44.4020996094 0 	!	 gamb 4335343.0000000000 -134.9688880000 -23.1177740000 2.0000000000 1019.1496457562
254 15.1924400330 38.7912101746 0 	!	 gand 4245286.0000000000 -0.1513900000 38.9952100000 2.0000000000 801.7594955280
255 -5.3653898239 36.1520309448 0 	!	 ganm 4856649.0000000000 73.1520278000 -0.6878056000 25.3685703278 440.2933253247
256 -5.6982698441 43.5584411621 0 	!	 garc 4233525.0000000000 72.3938750000 -7.2903361000 2.0000000000 46.1731310599
257 -89.9582214355 29.2619800568 0 	!	 GE25 5085201.0000000000 8.9255000000 44.4101000000 2.0000000000 208.1433748276
258 25.8870391846 40.2289581299 0 	!	 GI20 2640291.0000000000 15.1932720000 38.7840290000 2.0000000000 619.9935492255
259 -94.7925186157 29.3070602417 0 	!	 gibr3 277865.0000000000 -5.3650130000 36.1480830000 10.0732698441 330.2017895226
260 140.7101440430 41.7793998718 0 	!	 gij2 4003771.0000000000 -5.6983500000 43.5580300000 4.8706002235 819.9699583233
261 73.1730728149 6.7680501938 0 	!	 gila 1786379.0000000000 -89.9567000000 29.2633000000 9.4416704178 719.5252405419
262 5.4140100479 53.1774101257 0 	!	 gokc 5077262.0000000000 25.8936100006 40.2313919067 0.7354199886 288.2790811902
263 115.7436904907 -31.8297004700 0 	!	 gptx 247383.0000000000 -94.7930000000 29.3100000000 2.0000000000 670.4071997859
264 -139.0374145508 -9.8147296906 0 	!	 hako 405919.0000000000 140.7200000000 41.7800000000 40.2963218689 1142.9714989215
265 4.1259498596 51.9816513062 0 	!	 hani 5054743.0000000000 73.1667000000 6.7667000000 0.7409200072 641.7173411326
266 -1.1808600426 46.0069503784 0 	!	 harl 4907713.0000000000 5.4109729078 53.1755641043 8.0771102905 513.7208273779
267 25.7416706085 35.0006904602 0 	!	 hill 406108.0000000000 115.7386000000 -31.8255000000 20.8159694672 444.5196555601
268 15.5018901825 42.1279792786 0 	!	 hiva 2313149.0000000000 -139.0344690000 -9.8048690000 24.8670501709 1012.0836031558
269 168.6148071289 -43.9645118713 0 	!	 hoek 4832130.0000000000 4.1194910666 51.9774704941 2.0000000000 982.6576825613
270 -2.1201798916 49.1696510315 0 	!	 iaix 5171633.0000000000 -1.1742400000 46.0074000000 3.2768299580 1150.8270939612
271 -169.5169372559 16.7350502014 0 	!	 iera 469722.0000000000 25.7385292053 35.0037498474 8.7229099274 807.4310248794
272 -78.8231430054 -33.6390190125 0 	!	 IT45 2753267.0000000000 15.5015666667 42.1188805556 2.0000000000 707.4799874183
273 22.1157207489 37.0273399353 0 	!	 jack 4894995.0000000000 168.6161000000 -43.9733000000 2.0000000000 830.7432629842
274 154.8133544922 1.0794700384 0 	!	 jers 4271276.0000000000 -2.1200000000 49.1800000000 24.8230209351 760.1785467975
275 66.9599914551 24.8113098145 0 	!	 john 4902647.0000000000 -169.5233000000 16.7390000000 2.0000000000 1515.4468822041
276 21.3220901489 37.6457290649 0 	!	 juan 796698.0000000000 -78.8298810000 -33.6360170000 7.1694998741 638.6392260418
277 70.2220993042 -49.3549995422 0 	!	 kala 3155592.0000000000 22.1098330000 37.0215330000 2.1091299057 1122.2486675962
278 70.2220993042 -49.3549995422 0 	!	 kapi 3155592.0000000000 154.8066861000 1.0779583000 2.1091299057 1122.2486675962
279 10.2814197540 54.5031814575 0 	!	 kara 1132763.0000000000 66.9750000000 24.8117000000 14.8111696243 578.7933264549
280 -152.4862060547 57.7327384949 0 	!	 kata 3605685.0000000000 21.3192330000 37.6404500000 2.0000000000 1535.5902735907
281 167.7413482666 8.7326602936 0 	!	 kerg 1251045.0000000000 70.2200000000 -49.3450000000 76.8498687744 560.3702954993
282 9.8733501434 44.0775413513 0 	!	 kerg2 3047303.0000000000 70.2200000000 -49.3450000000 3.6889901161 2464.4607267856
283 -80.9117584229 -2.2165799141 0 	!	 kiel 2987598.0000000000 10.2747220000 54.4997220000 2.0000000000 608.2709596125
284 -64.7227478027 18.3050498962 0 	!	 kodi2 5069576.0000000000 -152.5120000000 57.7317000000 1.3491499424 1470.2388766781
285 40.8844108582 -2.3012399673 0 	!	 kwaj 3510941.0000000000 167.7383000000 8.7367000000 2.0000000000 4213.1649254738
286 -1.2176200151 46.1552581787 0 	!	 LA38 5084031.0000000000 9.8576000000 44.0966000000 1.5207600594 429.4267887853
287 -4.7753000259 48.3645210266 0 	!	 lali 5093791.0000000000 -80.9064000000 -2.2177000000 2.0000000000 610.9779377166
288 -2.8918600082 47.5320014954 0 	!	 lame2 2332654.0000000000 -64.7242000000 18.3182000000 2.0000000000 1214.9861404407
289 123.7595977783 13.1397895813 0 	!	 lamu 4704712.0000000000 40.9000000000 -2.2667000000 2.0000000000 732.1364053421
290 0.1017500013 49.4773597717 0 	!	 larp 276684.0000000000 -1.2206500000 46.1585000000 4.2880001068 590.5133585105
291 116.0586624146 -8.7231597900 0 	!	 leco 4517489.0000000000 -4.7800000000 48.3600000000 0.5578799844 1723.9486860505
292 -1.7921400070 46.4887084961 0 	!	 lecy 200297.0000000000 -2.8951500000 47.5427000000 2.0000000000 985.1188300522
293 177.4377441406 -17.5999794006 0 	!	 lega 2025135.0000000000 123.7581170000 13.1462140000 6.8884201050 550.3084134993
294 10.2906103134 43.5498695374 0 	!	 leha 2292595.0000000000 0.1059900000 49.4819000000 8.7967996597 808.4781158073
295 -67.0435714722 17.9671592712 0 	!	 lemba 2027006.0000000000 116.0722500000 -8.7309055560 2.0000000000 443.2068783146
296 37.8591003418 -46.8659706116 0 	!	 leso 1498202.0000000000 -1.7937300000 46.4975000000 294.0382690430 583.4232904227
297 -4.4136600494 36.7070007324 0 	!	 levu 2983555.0000000000 177.4383000000 -17.6049000000 14.9530000687 618.9017801518
298 134.4470062256 7.3214402199 0 	!	 LI11 2555111.0000000000 10.2993388889 43.5462861111 230.3980865479 830.0909426400
299 73.5344696045 4.1845698357 0 	!	 magi 4325397.0000000000 -67.0464000000 17.9701000000 74.0811386108 1078.0758632355
300 120.9759674072 14.5848398209 0 	!	 mais 4631923.0000000000 37.8667000000 -46.8667000000 147.3505249023 554.1214553773
301 5.3601999283 43.2956008911 0 	!	 mal3 3988065.0000000000 -4.4170900000 36.7118400000 2.0000000000 614.2351283959
302 171.3634948730 7.1112799644 0 	!	 mala 3851094.0000000000 134.4502000000 7.3282000000 60.4550399780 1148.5012308298
303 -72.1107101440 -17.0081501007 0 	!	 Male2 3553104.0000000000 73.5251889000 4.1874556000 2.0000000000 831.3675027960
304 -67.1643524170 18.2153205872 0 	!	 mani 3167107.0000000000 120.9716000000 14.5822000000 2.0000000000 638.8852749268
305 10.2364301682 42.7365188599 0 	!	 mars 4661461.0000000000 5.3558000000 43.2911000000 2.0000000000 697.4373427577
306 15.5601501465 38.2047195435 0 	!	 marsh 4091669.0000000000 171.3725000000 7.1061000000 8.2263698578 980.9050271611
307 26.7182006836 38.4369201660 0 	!	 mata 4684934.0000000000 -72.1088000000 -17.0009000000 2.0000000000 1035.4386058471
308 139.8192291260 34.9177284241 0 	!	 maya 1755844.0000000000 -67.1588000000 18.2176000000 2.0000000000 1014.0062194073
309 -177.3514709473 28.2039203644 0 	!	 MC41 4341938.0000000000 10.2383333333 42.7426333333 10.3644895554 560.5631506644
310 153.9693145752 24.2891292572 0 	!	 ME13 3077580.0000000000 15.5635000000 38.1963000000 592.2431030273 1192.9258725175
311 -104.3091506958 19.0689296722 0 	!	 ment 1668041.0000000000 26.7166423798 38.4276885986 7.6591701508 1299.3905055487
312 -67.9398269653 18.0857505798 0 	!	 mera 3450866.0000000000 139.8300000000 34.9200000000 24.7861003876 499.3189392262
313 7.4239101410 43.7331199646 0 	!	 midx 1625802.0000000000 -177.3560000000 28.2070000000 2.0000000000 529.0493957038
314 -71.9558563232 41.0496406555 0 	!	 mins 5098181.0000000000 153.9783000000 24.2822000000 1.4755300283 378.1061940557
315 -3.5327401161 36.7185897827 0 	!	 mnza 3690448.0000000000 -104.3005333000 19.0605500000 20.5070495605 835.0760906688
316 28.4299106598 36.8116798401 0 	!	 mona2 5104102.0000000000 -67.9383000000 18.0900000000 27.2990207672 4964.6881518736
317 14.2762298584 40.8479690552 0 	!	 monc 2998575.0000000000 7.4215800000 43.7286700000 2.0000000000 1093.2160943655
318 -61.6707496643 56.5456504822 0 	!	 mony 4863711.0000000000 -71.9600000000 41.0483000000 9.4279699326 745.2528966216
319 166.9099273682 -0.5305500031 0 	!	 motr 4695009.0000000000 -3.5236000000 36.7202400000 241.8321685791 170.5133738603
320 -159.3476867676 21.9451408386 0 	!	 mrms 3527514.0000000000 28.3848457336 36.8379898071 2.0000000000 1830.7325950316
321 -165.4165649414 64.4938812256 0 	!	 NA23 3842225.0000000000 14.2692000000 40.8397000000 3.6508901119 936.2908172794
322 -51.7235603333 64.1785507202 0 	!	 nain 184522.0000000000 -61.6800000000 56.5500000000 5.0498800278 826.2941181525
323 166.3932647705 -22.2439594269 0 	!	 nauu 2861881.0000000000 166.9092000000 -0.5319000000 5.8973999023 1909.7477081102
324 141.7529296875 39.0159797668 0 	!	 nawi 408175.0000000000 -159.3600000000 21.9570000000 2.0000000000 513.7089283118
325 14.4173498154 42.3581809998 0 	!	 nome 4872007.0000000000 -165.4300000000 64.5000000000 2.8496301174 325.8045937642
326 18.4880104065 40.1437606812 0 	!	 nuk1 2282455.0000000000 -51.7198130000 64.1713012000 2.0000000000 810.5992256247
327 -0.2579700053 49.2832489014 0 	!	 numb2 2839239.0000000000 166.4116000000 -22.2466000000 2.0000000000 779.4397918553
328 13.3659801483 38.1158905029 0 	!	 ofun 190792.0000000000 141.7500000000 39.0200000000 2.0000000000 769.3481370174
329 -134.6589965820 56.2471389771 0 	!	 OR24 4814671.0000000000 14.4148611111 42.3559000000 2.0000000000 761.2685520169
330 -134.6589965820 56.2471389771 0 	!	 OT15 4814671.0000000000 18.4969000000 40.1464000000 2.0000000000 761.2685520169
331 -170.6976776123 -14.2583103180 0 	!	 ouis 2654416.0000000000 -0.2490300000 49.2793600000 2.0000000000 2168.2795121910
332 2.6426000595 39.5602111816 0 	!	 PA07 2461654.0000000000 13.3713000000 38.1214000000 4.7827000618 438.9769967804
333 -22.9890708923 16.7484397888 0 	!	 paak 1642457.0000000000 -134.6467000000 56.2467000000 115.6652374268 953.7708805038
334 -149.5630340576 -17.5321407318 0 	!	 paak2 4668992.0000000000 -134.6467000000 56.2467000000 355.5477600098 1074.4827092886
335 -25.6865806580 37.7287712097 0 	!	 pago 4618162.0000000000 -170.6907000000 -14.2766000000 57.9777107239 594.6475437750
336 13.5264101028 37.2797317505 0 	!	 palm 190789.0000000000 2.6374800000 39.5601500000 2.0000000000 671.3889488698
337 23.6146106720 37.9377098083 0 	!	 palm1 509529.0000000000 -22.9833000000 16.7550000000 30.1003608704 667.2572635355
338 -158.0470733643 -9.0009899139 0 	!	 pape2 4837052.0000000000 -149.5731650000 -17.5323700000 253.8295135498 431.2466998425
339 15.2759704590 40.0249786377 0 	!	 pdas 2520281.0000000000 -25.6800000000 37.7300000000 8.4362897873 551.5028601189
340 -57.5379486084 -38.0020599365 0 	!	 PE09 4732798.0000000000 13.5268400000 37.2857600000 2.0000000000 217.6087594422
341 -162.1018066406 5.8967299461 0 	!	 peir 3945706.0000000000 23.6212170000 37.9347330000 319.0095520020 1505.1182250680
342 -72.9680175781 -41.4900016785 0 	!	 penr 561453.0000000000 -158.0510000000 -9.0010000000 2.0000000000 820.7072488523
343 -87.2145767212 30.4070796967 0 	!	 PL14 1995090.0000000000 15.2752916667 40.0299111111 2.0000000000 516.5807012636
344 12.9689397812 40.8892898560 0 	!	 plat2 2889144.0000000000 -57.5385055600 -38.0001527800 14.1026601791 712.7249744914
345 141.6177978516 -38.3362312317 0 	!	 plmy 3632532.0000000000 -162.0900000000 5.8900000000 7.4275898933 892.3118756037
346 -1.0614600182 45.5692787170 0 	!	 pmon2 392813.0000000000 -72.9608580000 -41.4849310000 7.3237700462 87.0115804978
347 -61.7733612061 12.0006103516 0 	!	 pnfl 4348890.0000000000 -87.2120000000 30.4030000000 2.0000000000 1069.6154143731
348 -148.4943389893 70.3911972046 0 	!	 PO40 4279126.0000000000 12.9655888889 40.8951777778 0.9721500278 684.0940930660
349 -89.4037399292 28.9295997620 0 	!	 porl 3660464.0000000000 141.6132000000 -38.3434000000 4.4177899361 370.8409602625
350 8.4069004059 40.8366088867 0 	!	 port 2348541.0000000000 -1.0615700000 45.5685000000 2.0000000000 670.9873715525
351 92.7541427612 11.6806097031 0 	!	 pric 1721078.0000000000 -61.7648280000 12.0053920000 15.7740602493 641.4015797755
352 3.0574998856 42.9981689453 0 	!	 prud 4255366.0000000000 -148.5100000000 70.3880000000 2.0000000000 2056.5747951171
353 -70.2421417236 43.6573410034 0 	!	 psla 4988442.0000000000 -89.4067000000 28.9317000000 2.9036900997 368.0020266036
354 -70.7049636841 19.8101692200 0 	!	 PT17 4313666.0000000000 8.4039000000 40.8422000000 3.5959899426 1302.0406792486
355 3.1175599098 42.5238685608 0 	!	 ptbl 2133254.0000000000 92.7600000000 11.6800000000 6.9744100571 937.2620621831
356 -46.0485305786 60.7198715210 0 	!	 ptln 5059523.0000000000 3.0372000000 43.0092000000 2.0000000000 778.0043906484
357 114.2634201050 22.2560195923 0 	!	 ptme 3639685.0000000000 -70.2466000000 43.6566000000 2.0000000000 6464.3338098620
358 -84.1757965088 9.4269304276 0 	!	 ptpl 2180150.0000000000 -70.7020110000 19.7987940000 10.0266799927 634.1710220970
359 12.2856502533 44.4919891357 0 	!	 ptve 4493049.0000000000 3.1073300000 42.5201000000 1.8112200499 215.4991828928
360 -159.7831573486 -21.2021999359 0 	!	 qaqo 3791650.0000000000 -46.0350000000 60.7176000000 4.5290999413 245.1649811262
361 15.6574697495 38.1240196228 0 	!	 quar 4756122.0000000000 114.2133333000 22.2911111000 2.0000000000 790.6972498857
362 -3.9748399258 48.7172508240 0 	!	 quepo 247746.0000000000 -84.1702000000 9.4255000000 2.0000000000 697.7190198113
363 -61.3946495056 15.3062696457 0 	!	 RA10 3976871.0000000000 12.2829361111 44.4920750000 135.2922363281 1026.7214187090
364 14.7541904449 40.6609306335 0 	!	 raro 1925430.0000000000 -159.7830000000 -21.2000000000 8.3248100281 1769.7081716398
365 95.3540725708 5.8607401848 0 	!	 RC09 3206774.0000000000 15.6489166667 38.1217194444 2.0000000000 3819.6473830069
366 -0.1995799989 39.6282615662 0 	!	 rosc 4577679.0000000000 -3.9655555556 48.7186111111 20.2337894440 849.2245771825
367 -2.2051000595 47.2569999695 0 	!	 rose 2234932.0000000000 -61.3891833000 15.3138500000 6.9982800484 509.3316998020
368 145.7423858643 15.2338199615 0 	!	 SA16 5169777.0000000000 14.7508388889 40.6766416667 2.0000000000 807.2384634089
369 54.0141906738 16.9365291595 0 	!	 saba 2734316.0000000000 95.3333000000 5.8333000000 15.0884399414 814.7430173394
370 -38.5165710449 -12.9640903473 0 	!	 sagu 744986.0000000000 -0.2062400000 39.6339200000 2.0000000000 360.7164175412
371 -3.7746100426 43.4666481018 0 	!	 sain 3572277.0000000000 -2.2000000000 47.2600000000 3.1657600403 1432.6536718999
372 -81.6986389160 12.5650300980 0 	!	 saip 4904244.0000000000 145.7416000000 15.2266000000 2.0000000000 584.5566614338
373 -80.0986862183 -26.2883701324 0 	!	 sala 1442595.0000000000 54.0067000000 16.9350000000 2.9303200245 1072.0860648772
374 -66.1094818115 18.4654197693 0 	!	 salv 516179.0000000000 -38.5166670000 -12.9673330000 25.5330505371 866.4153088730
375 13.0807304382 37.5024108887 0 	!	 san2 3663007.0000000000 -3.7907600000 43.4613000000 2.0000000000 445.3542772335
376 -1.6719499826 43.3993301392 0 	!	 sana 5027706.0000000000 -81.7014920000 12.5694890000 7.3142900467 906.2696064320
377 3.7056000233 43.3969802856 0 	!	 sanf3 4433031.0000000000 -80.1085480000 -26.2922150000 3.8927700520 528.8701009260
378 -149.4189147949 60.1195411682 0 	!	 sanj 4187972.0000000000 -66.1167000000 18.4617000000 132.4590911865 451.9193837060
379 19.0096893311 63.1859512329 0 	!	 SC43 2271373.0000000000 13.0764555556 37.5045416667 18.7258491516 531.0783158575
380 17.6223201752 42.7859001160 0 	!	 scoa 4767129.0000000000 -1.6816200000 43.3952000000 75.4045181274 811.8558162990
381 9.4084396362 41.8347816467 0 	!	 sete 2960412.0000000000 3.6991100000 43.3976000000 10.0099296570 2872.0397845553
382 159.9463348389 -9.4245700836 0 	!	 sewa 946916.0000000000 -149.4270000000 60.1190000000 32.2373886108 1114.6977739299
383 16.5784606934 43.2171783447 0 	!	 skagk 4214352.0000000000 19.0125000000 63.1905560000 2.0000000000 4027.7901855976
384 -5.7152400017 -15.9083900452 0 	!	 sobr 4349462.0000000000 17.6200000000 42.7930000000 2.0000000000 1063.3156221468
385 18.3191204071 59.2526512146 0 	!	 sole 5115049.0000000000 9.3738000000 41.8358000000 2.8324999809 15641.3552665249
386 -2.0280098915 48.6509513855 0 	!	 solo 4681378.0000000000 159.9555000000 -9.4289000000 2.4204399586 1039.8268786312
387 120.2720184326 14.8196401596 0 	!	 stari 1166996.0000000000 16.5760000000 43.1810000000 5.6094498634 1256.0273856513
388 39.5760192871 -69.0058212280 0 	!	 sthl2 857661.0000000000 -5.7143940000 -15.9179180000 42.7850914001 315.6764646178
389 24.9442291260 37.4446601868 0 	!	 sthm 2859051.0000000000 18.0819440000 59.3241670000 2.0000000000 790.4277038231
390 -81.2898330688 -4.5754299164 0 	!	 stma 4479710.0000000000 -2.0280000000 48.6416000000 7.0050997734 1137.4780953248
391 172.9284820557 1.3579399586 0 	!	 subi 4144628.0000000000 120.2833000000 14.8167000000 5.6900901794 534.3935405160
392 17.2176494598 40.4662704468 0 	!	 syow 2143247.0000000000 39.5702780000 -69.0077780000 1.3784999847 1116.7692843816
393 1.2251199484 41.0768814087 0 	!	 syro 2236126.0000000000 24.9411000000 37.4380000000 33.3353805542 1021.6913785136
394 33.8336982727 36.2763900757 0 	!	 tala 4754578.0000000000 -81.2798500000 -4.5778000000 2.0000000000 608.0017247853
395 5.3334097862 53.4266014099 0 	!	 tara 218015.0000000000 172.9300000000 1.3625000000 4.5185198784 142.8220084402
396 -1.7383899689 4.8859400749 0 	!	 tara1 2782442.0000000000 17.2214000000 40.4759000000 6.5951900482 843.7574654382
397 5.9086499214 43.1181716919 0 	!	 tarr 3651224.0000000000 1.2132500000 41.0789700000 2.0000000000 373.2672099321
398 137.2243652344 36.7549095154 0 	!	 tasu 3028085.0000000000 33.8362274170 36.2814636230 0.0496600010 686.7516649213
399 13.7646198273 45.6530799866 0 	!	 ters 2287525.0000000000 5.3328043352 53.4278341365 2.0000000000 678.2709975677
400 -3.4484601021 47.6524085999 0 	!	 tkdi 4153451.0000000000 -1.7449720000 4.8821230000 10.8177604675 950.4968316880
401 -146.3604431152 61.1180191040 0 	!	 toul 1038090.0000000000 5.9130600000 43.1172200000 113.1273422241 780.7298801483
402 -0.3203999996 39.4427490234 0 	!	 toya 977174.0000000000 137.2200000000 36.7600000000 6.3319301605 787.2214498001
403 -71.6291885376 -33.0203399658 0 	!	 TR22 5119059.0000000000 13.7561000000 45.6544000000 44.7064399719 824.3830525263
404 168.2968139648 -17.7464809418 0 	!	 tudy 2725139.0000000000 -3.4470570000 47.6439130000 2.0000000000 1513.5026085887
405 12.4334602356 45.4161415100 0 	!	 vald2 4878984.0000000000 -146.3620000000 61.1250000000 6.6034898758 588.3254025581
406 -64.2649612427 -65.2563095093 0 	!	 vale 552298.0000000000 -0.3112800000 39.4420300000 127.0825119019 739.7508526501
407 16.1809902191 41.8872299194 0 	!	 valp2 462176.0000000000 -71.6278727500 -33.0276712800 4.3529901505 342.7861974074
408 -65.4693984985 18.0876407623 0 	!	 vanu 3993234.0000000000 168.3077000000 -17.7553000000 183.6360473633 727.4374020670
409 -8.7787904739 42.6082801819 0 	!	 VE19 2530718.0000000000 12.4265280000 45.4182190000 2.9061100483 1105.7359651929
410 83.3001708984 17.6842098236 0 	!	 vern 3746864.0000000000 -64.2700000000 -65.2500000000 2.0000000000 2187.6095156342
411 166.6296997070 19.2932300568 0 	!	 VI12 3192831.0000000000 16.1770111111 41.8880833333 9.2839899063 1279.3498148553
412 12.1111402512 54.1717796326 0 	!	 vieq 4847080.0000000000 -65.4714000000 18.0939000000 2.0000000000 557.3080749730
413 174.8005828857 -41.2842788696 0 	!	 vil2 5097751.0000000000 -8.7700300000 42.6007100000 2.0000000000 1795.7188958585
414 -89.3207321167 30.3349800110 0 	!	 vish 4237267.0000000000 83.2800000000 17.6800000000 0.3610599935 1070.8849026108
415 -157.4710845947 1.9911799431 0 	!	 wake 4044835.0000000000 166.6180000000 19.2900000000 1.1419199705 826.2609648986
416 -65.8210678101 18.0536098480 0 	!	 warn 4858852.0000000000 12.1033330000 54.1697220000 1.7226500511 1272.3071261249
417 174.8005828857 -41.2842788696 0 	!	 wlgt 5097751.0000000000 174.7790967000 -41.2846217000 2.0000000000 1795.7188958585
418 -89.3207321167 30.3349800110 0 	!	 wlms 4237267.0000000000 -89.3258000000 30.3264000000 0.3610599935 1070.8849026108
419 -157.4710845947 1.9911799431 0 	!	 xmas 4044835.0000000000 -157.4730000000 1.9840000000 1.1419199705 826.2609648986
420 -65.8210678101 18.0536098480 0 	!	 yabu 4858852.0000000000 -65.8330000000 18.0551000000 1.7226500511 1272.3071261249
