1 0 0 0 0 0 0 0 0	 ! https://schism-dev.github.io/schism/master/input-output/optional-inputs.html#stationin-bp-format
420	 ! number of stations
1 -65.8810320739 -47.7893584000 0 	!	 dese 1238362.0000000000 -65.9150000000 -47.7540000000 2.0000000000 4679.9690355289
2 -64.9425500470 -42.7910801655 0 	!	 madry 1146370.0000000000 -65.0310000000 -42.7630000000 7.0000000000 7865.3567691550
3 147.4528817791 -43.0408692106 0 	!	 bapj 510688.0000000000 147.3380000000 -42.8920000000 6.0000000000 19010.4198500678
4 122.1866319924 -17.9919996494 0 	!	 brom 1021254.0000000000 122.2190000000 -18.0010000000 5.0000000000 3566.3708580639
5 145.9244576326 -41.0600042027 0 	!	 barn 18465.0000000000 145.9150000000 -41.0500000000 4.0000000000 1366.1451035775
6 117.9194926564 -14.9334305309 0 	!	 djve 1100642.0000000000 117.9420000000 -15.0230000000 5737.0000000000 10248.9106279749
7 130.8345673414 -12.4034892713 0 	!	 bork 99712.0000000000 6.7494440000 53.5575000000 3.0000000000 7718.5319299442
8 150.9208334617 -34.4807959834 0 	!	 darw 1121310.0000000000 130.8460000000 -12.4720000000 -0.0000000000 1107.5532649854
9 114.1722402667 -21.8340972145 0 	!	 boul 1602128.0000000000 1.5774600000 50.7275000000 11.0000000000 2713.6991340339
10 150.7772412735 -23.1585124090 0 	!	 pkem 355377.0000000000 150.9120000000 -34.4740000000 1.0000000000 1333.3811034186
11 148.0153250152 -42.5062238055 0 	!	 pmur 400144.0000000000 114.1910000000 -21.8170000000 16.0000000000 8066.8963682161
12 133.6790523981 -32.2347895085 0 	!	 ross 344501.0000000000 150.7900000000 -23.1610000000 2.0000000000 10189.2683294704
13 142.2355693145 -10.5283174724 0 	!	 sprg 672596.0000000000 147.9330000000 -42.5460000000 5.0000000000 6583.2838481050
14 2.8731443161 51.2208037600 0 	!	 thev 343615.0000000000 133.6410000000 -32.1490000000 2.0000000000 4027.0229102781
15 -48.5958362851 -1.3144431971 0 	!	 trst 97231.0000000000 142.2220000000 -10.5860000000 -0.0000000000 18009.5456533387
16 -125.2391699688 48.8054834093 0 	!	 oste 1033461.0000000000 2.9270000000 51.2340000000 5.0000000000 8212.2676173767
17 -52.6546816584 47.6094875007 0 	!	 bele 393604.0000000000 -48.4960000000 -1.4420000000 107.0000000000 6578.3095334091
18 -123.2768317578 48.6147114523 0 	!	 bamf 456829.0000000000 -125.1400000000 48.8400000000 191.0000000000 75221.2900986222
19 -69.4551188039 -52.4519121716 0 	!	 stjo 554431.0000000000 -52.7200000000 47.5700000000 -0.0000000000 55440.3412874143
20 -57.8557644150 -63.3062469230 0 	!	 vhbc 1123121.0000000000 -123.1170000000 49.2830000000 8.0000000000 2791.8049388715
21 -70.8179536574 -27.0533795290 0 	!	 greg 413454.0000000000 -70.2090000000 -52.6480000000 73.0000000000 1468.4945135457
22 -71.3607268149 -29.9384748795 0 	!	 ohig3 1117386.0000000000 -57.9010000000 -63.3210000000 4.0000000000 2790.5001985666
23 -73.4858507452 -39.8751965983 0 	!	 cald 731708.0000000000 -70.8250000000 -27.0650000000 31.0000000000 5190.3241616899
24 -71.5522067165 -32.1523480288 0 	!	 coqu 452032.0000000000 -71.3350000000 -29.9500000000 13.0000000000 2842.2370352693
25 -71.6468389356 -30.2565354419 0 	!	 corr 650087.0000000000 -73.4270000000 -39.8870000000 44.0000000000 5427.8746019027
26 -73.5870780373 -45.2936658774 0 	!	 pich 1244395.0000000000 -71.5290000000 -32.1360000000 7.0000000000 62934.7761107120
27 -67.7520708438 -55.2516609921 0 	!	 ptal 59874.0000000000 -71.6080000000 -30.2920000000 1.0000000000 36552.8371821542
28 -71.5772487117 -32.7750611296 0 	!	 pcha 608556.0000000000 -72.8200000000 -45.4670000000 123.0000000000 4884.8926138033
29 -73.1286126416 -36.6276622099 0 	!	 pwil 398491.0000000000 -67.6110000000 -54.9330000000 26.0000000000 6457.0721511406
30 -73.1558310940 -36.6943412845 0 	!	 qtro 625262.0000000000 -71.5250000000 -32.7750000000 62.0000000000 4504.0204304289
31 178.4658776149 -18.1555573145 0 	!	 quir 1265023.0000000000 -73.0570000000 -36.6360000000 425.0000000000 5032.5647747234
32 -1.5837684531 49.6591653257 0 	!	 talc 1259762.0000000000 -73.1060000000 -36.7010000000 11.0000000000 3480.6143097472
33 45.2638771861 -12.7688207577 0 	!	 viti 1524262.0000000000 178.4240000000 -18.1340000000 29.0000000000 1700.6030121820
34 -2.2995345010 47.0072818108 0 	!	 cher 284947.0000000000 -1.6300000000 49.6500000000 -0.0000000000 2081.7620806187
35 167.8482371051 -21.5227185779 0 	!	 dzao 530389.0000000000 45.2580000000 -12.7830000000 650.0000000000 4093.0909611007
36 -140.0653930724 -8.9734240079 0 	!	 herb 469735.0000000000 -2.2990000000 47.0260000000 1303.0000000000 6844.1393151499
37 -2.8225881918 48.6500100924 0 	!	 mare 1434940.0000000000 167.8770000000 -21.5480000000 2.0000000000 227.6505865833
38 -2.8225881918 48.6500100924 0 	!	 nuku 1434940.0000000000 -140.0850000000 -8.9150000000 2.0000000000 227.6505865833
39 -149.5086224250 -23.3476817421 0 	!	 stqy 915246.0000000000 -2.8220000000 48.6480000000 70.0000000000 3389.8862223807
40 8.7576645191 53.8525859825 0 	!	 stqy2 1174745.0000000000 -2.8220000000 48.6480000000 -0.0000000000 3170.0022978056
41 7.9156196992 54.1853671730 0 	!	 tubua 694336.0000000000 -149.4760000000 -23.3420000000 29.0000000000 1910.9375668557
42 8.2753501900 54.7425874499 0 	!	 cuxh 557509.0000000000 8.7170000000 53.8680000000 1.0000000000 2206.2360909420
43 23.0995389039 37.9091883705 0 	!	 helg 822256.0000000000 7.8910000000 54.1760000000 90.0000000000 82961.6796818013
44 12.5692207970 35.4869189672 0 	!	 horn 222450.0000000000 8.2970000000 54.7580000000 24.0000000000 3468.3957954263
45 131.4052428152 31.5658061477 0 	!	 itea 1557268.0000000000 22.4200000000 38.4300000000 40.0000000000 1641.3676635871
46 139.8857959583 40.6364134913 0 	!	 LA23 959563.0000000000 12.6040000000 35.5000000000 26.0000000000 4023.9697978079
47 132.0216265901 34.8796913054 0 	!	 abur 194678.0000000000 131.4100000000 31.5800000000 13.0000000000 4956.3785980802
48 145.5710861977 43.2799298922 0 	!	 fuka 533477.0000000000 139.9300000000 40.6500000000 12.0000000000 88.2740122265
49 124.1514776798 24.3304682938 0 	!	 hmda 75341.0000000000 132.0700000000 34.9000000000 6.0000000000 865.0438529462
50 135.7752099990 33.4408199696 0 	!	 hana 187141.0000000000 145.5700000000 43.2800000000 198.0000000000 4383.3473146886
51 144.3514476077 42.9934948733 0 	!	 ishig 1408533.0000000000 124.1600000000 24.3300000000 9.0000000000 2128.1309751815
52 129.9331311989 32.7113873507 0 	!	 kusm 530209.0000000000 135.7700000000 33.4800000000 42.0000000000 6708.0921905974
53 127.6361781680 26.2050664837 0 	!	 kush 1385239.0000000000 144.3700000000 42.9800000000 21.0000000000 3418.5090670148
54 138.2285636189 34.5876995685 0 	!	 naga 1445191.0000000000 129.8700000000 32.7400000000 15.0000000000 2600.6289545818
55 138.5149995076 38.2962113095 0 	!	 naha 636778.0000000000 127.6700000000 26.2100000000 21.0000000000 2680.9238293253
56 133.3441460541 36.1883318111 0 	!	 omae 758455.0000000000 138.2200000000 34.6100000000 95.0000000000 1815.1536362468
57 133.0144970559 32.7732984300 0 	!	 sado 135802.0000000000 138.5200000000 38.3200000000 38.0000000000 5149.2052829731
58 141.7263999777 45.4041864862 0 	!	 saig 717907.0000000000 133.3300000000 36.2000000000 5.0000000000 2914.2033951736
59 -171.7121332298 -2.7650359407 0 	!	 tosa 483581.0000000000 132.9600000000 32.7800000000 3.0000000000 4051.7566960149
60 -96.0507152647 15.7607160280 0 	!	 waka 1171011.0000000000 141.6900000000 45.4100000000 238.0000000000 7192.9966019398
61 171.4541314015 -41.8827794252 0 	!	 kant 1284316.0000000000 -171.7180000000 -2.8010000000 1.0000000000 2798.5863938331
62 16.1711995533 69.2949805349 0 	!	 huat 1432743.0000000000 -96.1170000000 15.7500000000 27.0000000000 3730.8784139806
63 26.0877090791 70.9806679001 0 	!	 chst 539417.0000000000 171.4340000000 -41.9030000000 103.0000000000 4157.4458523792
64 4.9568140296 62.0135494943 0 	!	 ande 345955.0000000000 16.1350000000 69.3260000000 13.0000000000 12258.4969617234
65 11.2261315911 65.0368832651 0 	!	 honn 1234426.0000000000 25.9730000000 70.9800000000 19.0000000000 19780.5552186626
66 7.5709582611 57.9790421077 0 	!	 malo 933401.0000000000 5.1170000000 61.9330000000 2.0000000000 3141.6684445119
67 31.2059353344 70.3974839219 0 	!	 rorv 530343.0000000000 11.2300000000 64.8590000000 84.0000000000 4552.6933612643
68 125.6572076583 7.1027663487 0 	!	 treg 772682.0000000000 7.5550000000 58.0060000000 159.0000000000 5732.6582850266
69 -176.1634812766 -9.5228084384 0 	!	 vard 446456.0000000000 31.1040000000 70.3750000000 4874.0000000000 9174.5413044448
70 -17.8825808012 27.7869072540 0 	!	 davo 732382.0000000000 125.6630000000 7.1540000000 1227.0000000000 1937.5050527462
71 -13.8568253113 28.4769042575 0 	!	 dapi 292413.0000000000 -176.2470000000 -9.5180000000 314.0000000000 1793.4433518835
72 -8.4670527949 43.3667422985 0 	!	 hie2 67309.0000000000 -17.9020000000 27.7840000000 44.0000000000 5420.3271087664
73 17.0324929045 58.5141992130 0 	!	 fue2 28106.0000000000 -13.8580000000 28.4930000000 12.0000000000 5341.3570166006
74 18.2016383257 60.4150550016 0 	!	 coru 1353873.0000000000 -8.4000000000 43.3670000000 3.0000000000 847.0525300591
75 21.2253161026 64.8549615432 0 	!	 arko 11091.0000000000 16.9610000000 58.4840000000 14.0000000000 6792.4656012229
76 11.6363468580 57.6704100945 0 	!	 fors 1537175.0000000000 18.2110000000 60.4090000000 4.0000000000 8325.9543115800
77 20.4086642820 63.6696339246 0 	!	 furu 17901.0000000000 21.2310000000 64.9160000000 7.0000000000 4223.2841887748
78 23.1448333631 65.7149718989 0 	!	 gokr 1486676.0000000000 11.7710000000 57.6910000000 3.0000000000 2997.3923570646
79 14.9603155515 56.0716934597 0 	!	 holm 344252.0000000000 20.3470000000 63.6960000000 38.0000000000 12584.2088111058
80 12.9206176205 55.5156868828 0 	!	 kalit 569886.0000000000 23.0960000000 65.6970000000 1.0000000000 1816.7201217434
81 15.6403615155 56.0908062553 0 	!	 karl 1501802.0000000000 14.8210000000 56.1540000000 2.0000000000 3555.0764884964
82 11.0290762499 58.9948965611 0 	!	 klag 60079.0000000000 12.8940000000 55.5220000000 77.0000000000 5613.5902472173
83 17.8801013618 58.7503678502 0 	!	 kung 133270.0000000000 15.5890000000 56.1050000000 45.0000000000 2402.7450013964
84 17.1526282276 57.3643214012 0 	!	 kungr 803501.0000000000 11.1270000000 58.9970000000 11.0000000000 3340.9938526472
85 16.4874503565 57.2671167174 0 	!	 land 1434091.0000000000 17.8590000000 58.7690000000 5.0000000000 1044.5988419904
86 17.1949361388 58.6533117851 0 	!	 olan 1072856.0000000000 17.0970000000 57.3660000000 6.0000000000 4158.7406919974
87 20.8727088443 63.9767121360 0 	!	 oska 831691.0000000000 16.4780000000 57.2750000000 11.0000000000 1499.6066399492
88 16.6345398919 57.3632912470 0 	!	 oxel 692255.0000000000 17.1250000000 58.6620000000 10.0000000000 5757.5298296598
89 14.3563922069 55.5208749826 0 	!	 rata 1469392.0000000000 20.8950000000 63.9860000000 26.0000000000 4018.1922650931
90 11.1972825928 58.3475155566 0 	!	 simp 675102.0000000000 16.6760000000 57.4100000000 8.0000000000 1407.4927746028
91 17.6242232572 62.3067042428 0 	!	 simr 252511.0000000000 14.3580000000 55.5570000000 36.0000000000 7896.1739607207
92 18.2538135656 57.6200464502 0 	!	 smog 857898.0000000000 11.2180000000 58.3540000000 34.0000000000 2769.6984830803
93 39.1951186607 -6.1494172863 0 	!	 spik 1505944.0000000000 17.5310000000 62.3630000000 1.0000000000 1341.3449384267
94 -175.2105032908 -21.1225141173 0 	!	 visb 374797.0000000000 18.2840000000 57.6390000000 22.0000000000 1629.2635148085
95 26.7075425191 40.5415170302 0 	!	 zanz 228149.0000000000 39.1830000000 -6.1500000000 -0.0000000000 494318.2920936764
96 30.6115233141 36.8251401924 0 	!	 nkfa 1016791.0000000000 -175.1970000000 -21.1300000000 1.0000000000 1214.6865917853
97 26.6654192225 40.6308293273 0 	!	 amas 1142711.0000000000 32.3920000000 41.7440000000 68.0000000000 180185.4179359255
98 26.7075425191 40.5415170302 0 	!	 anta 228149.0000000000 30.6130000000 36.8360000000 -0.0000000000 253704.1281897709
99 -2.0421231011 57.1324095242 0 	!	 igne 355283.0000000000 28.0240000000 41.8890000000 11.0000000000 2436.3323875062
100 -5.5354652801 54.6523559659 0 	!	 sile 558528.0000000000 29.6040000000 41.1800000000 9.0000000000 8695.4825592673
101 1.3210334233 52.9325730994 0 	!	 abed 1516671.0000000000 -2.0800000000 57.1400000000 4.0000000000 1438.5109201789
102 1.3512749438 51.1244400265 0 	!	 bang 243033.0000000000 -5.6700000000 54.6600000000 23.0000000000 2709.9126707526
103 1.3419571146 51.9428190591 0 	!	 crom 1363605.0000000000 1.3000000000 52.9300000000 12.0000000000 3649.5796742469
104 -2.9125370570 54.0146195595 0 	!	 dove 1025269.0000000000 1.3200000000 51.1100000000 1.0000000000 1778.3529969728
105 -4.5797519186 53.3401941350 0 	!	 harw 407437.0000000000 1.2900000000 51.9500000000 6.0000000000 4291.5557268964
106 -4.0951382490 51.2175086530 0 	!	 heys 452356.0000000000 -2.9200000000 54.0300000000 19.0000000000 1329.9277468108
107 -5.1266827565 58.4372925658 0 	!	 holy2 494412.0000000000 -4.6200000000 53.3100000000 -0.0000000000 5126.6290100544
108 -2.8237798999 56.1295961560 0 	!	 ilfa 454312.0000000000 -4.1100000000 51.2100000000 38.0000000000 27019.0076754602
109 -1.0614028603 60.1699172573 0 	!	 kinl 1273373.0000000000 -5.0500000000 58.4600000000 60.0000000000 4913.3969574334
110 -3.1051225168 53.4263794615 0 	!	 leit 817678.0000000000 -3.1800000000 55.9900000000 -0.0000000000 6220.0504703726
111 1.7554554197 52.4638516750 0 	!	 lerw2 1496185.0000000000 -1.1450000000 60.1550000000 13.0000000000 777.1552113788
112 -5.0971810403 51.6604430333 0 	!	 live 910967.0000000000 -3.0200000000 53.4500000000 15.0000000000 6398.8165578417
113 -4.9835042173 55.7441208795 0 	!	 lowe 72311.0000000000 1.7500000000 52.4700000000 10.0000000000 4646.5345644467
114 -3.9947601957 51.5401086714 0 	!	 mhav 1302969.0000000000 -5.0500000000 51.7100000000 15.0000000000 3476.8912427924
115 0.0965629586 50.7627181311 0 	!	 mill 1256513.0000000000 -4.9100000000 55.7500000000 20.0000000000 3209.9283101322
116 -5.5222047963 50.1184013726 0 	!	 mumb 331376.0000000000 -3.9800000000 51.5700000000 17.0000000000 2265.3595029254
117 -3.0031587537 51.5241152560 0 	!	 nhav 1557222.0000000000 0.0600000000 50.7800000000 7.0000000000 3018.7155753157
118 -1.3959485910 54.9968808111 0 	!	 newl2 768417.0000000000 -5.5430000000 50.1030000000 26.0000000000 3165.4781864295
119 -4.1901295454 50.3099915705 0 	!	 npor 345992.0000000000 -2.9900000000 51.5500000000 40.0000000000 6672.6392497740
120 -5.1525600751 54.8672729921 0 	!	 nshi 748267.0000000000 -1.4400000000 55.0100000000 11.0000000000 3679.7705049054
121 -6.6135247758 55.2124581479 0 	!	 plym 1547715.0000000000 -4.1900000000 50.3700000000 4.0000000000 2961.1492457913
122 -1.0194594122 50.7783451354 0 	!	 porp 89103.0000000000 -5.1200000000 54.8400000000 -0.0000000000 6804.7943951906
123 0.8281816018 51.4299833059 0 	!	 prus 467040.0000000000 -6.6600000000 55.2100000000 4.0000000000 6504.6590884527
124 -6.3857532417 58.1132294654 0 	!	 ptmt 1181745.0000000000 -1.1100000000 50.8000000000 23.0000000000 10763.2755585637
125 -0.6539676641 54.5034190706 0 	!	 shee 1566517.0000000000 0.7400000000 51.4500000000 7.0000000000 3207.4815994844
126 -3.0837439517 58.4043029082 0 	!	 stor 1119411.0000000000 -6.3900000000 58.2100000000 39.0000000000 3986.0158006125
127 -3.5779130737 54.6176142368 0 	!	 whit 1023269.0000000000 -0.6100000000 54.4900000000 6.0000000000 3636.9663727343
128 -122.5192121666 37.7726741906 0 	!	 wick 11364.0000000000 -3.0900000000 58.4400000000 5.0000000000 19443.3893393756
129 -123.7197425390 38.9112458200 0 	!	 work 1606064.0000000000 -3.5700000000 54.6500000000 32.0000000000 1290.3803563386
130 -123.9798761793 46.1693658331 0 	!	 alam 999953.0000000000 -122.2980000000 37.7720000000 11.0000000000 16940.6611643282
131 -174.0736802957 52.2200018435 0 	!	 aren 1357213.0000000000 -123.7050000000 38.9130000000 50.0000000000 6895.1909217292
132 -74.4539057779 39.3407976153 0 	!	 asto 28486.0000000000 -123.7670000000 46.2080000000 9.0000000000 3467.9197297515
133 -76.4488993248 38.8249912658 0 	!	 atka 1211470.0000000000 -174.1730000000 52.2320000000 13.0000000000 50397.7562806327
134 -68.1784635569 44.3197708768 0 	!	 acnj 992831.0000000000 -74.4180000000 39.3550000000 43.0000000000 8304.0004612476
135 -76.7037773093 34.6891364589 0 	!	 bamd 713509.0000000000 -76.5780000000 39.2670000000 7.0000000000 4616.4452480201
136 -70.8779832316 42.3879827399 0 	!	 bame 341711.0000000000 -68.2050000000 44.3920000000 23.0000000000 14758.3931594401
137 -73.1036738221 41.1669389715 0 	!	 benc 1230599.0000000000 -76.6700000000 34.7200000000 14.0000000000 6590.6929808040
138 -64.9040382630 18.3049962893 0 	!	 boma 513625.0000000000 -71.0520000000 42.3550000000 21.0000000000 3737.5852976308
139 -123.1809413763 48.5782784032 0 	!	 bgct 342089.0000000000 -73.1820000000 41.1730000000 -0.0000000000 44327.8503776110
140 -82.8351724054 27.9629716013 0 	!	 amal 1310782.0000000000 -64.9200000000 18.3350000000 1.0000000000 1699.8756678150
141 -124.1675431039 41.7335423323 0 	!	 chrp 1152260.0000000000 -122.7580000000 48.8630000000 1.0000000000 1807.7416631906
142 153.9052000493 11.8634619503 0 	!	 cwfl 365895.0000000000 -82.8320000000 27.9780000000 5975.0000000000 6956.6712007226
143 171.9637446588 50.1213816404 0 	!	 cres 286442.0000000000 -124.1830000000 41.7450000000 4787.0000000000 5915.1692850915
144 -75.7455071627 36.1830623266 0 	!	 dkwa 512004.0000000000 153.9070000000 11.9260000000 6.0000000000 134.1602836982
145 -166.4882382840 53.9995504148 0 	!	 datu 982469.0000000000 171.8970000000 50.1530000000 117.0000000000 13286.8315360041
146 -136.6277482704 58.1474349033 0 	!	 dpnc 1519062.0000000000 -75.7470000000 36.1830000000 240.0000000000 17450.4567926248
147 -122.5192121666 37.7726741906 0 	!	 dutc 11364.0000000000 -166.5330000000 53.8830000000 5.0000000000 6104.2774817955
148 144.6190323674 13.4527528521 0 	!	 elak 112854.0000000000 -136.3430000000 58.1930000000 805.0000000000 3924.6459777847
149 -155.0846895793 19.7370046294 0 	!	 fpnt 531298.0000000000 -122.4650000000 37.8070000000 23.0000000000 2828.7025921672
150 -156.4894842409 20.9223218292 0 	!	 guam 1396832.0000000000 144.6520000000 13.4380000000 24.0000000000 3257.6699342021
151 -155.8308711669 20.0271604848 0 	!	 hilo 69559.0000000000 -155.0580000000 19.7330000000 1.0000000000 989.9582639985
152 -81.8132156677 24.5408290856 0 	!	 kahu 1335460.0000000000 -156.4720000000 20.8980000000 10.0000000000 1452.5283009586
153 -117.2597377260 32.8901422018 0 	!	 kawa 1200829.0000000000 -155.8320000000 20.0360000000 138.0000000000 2578.4070360052
154 -64.7336906665 17.6975061114 0 	!	 kwfl 1492758.0000000000 -81.8080000000 24.5530000000 3.0000000000 2169.4076503256
155 144.7917750085 13.4202145886 0 	!	 lajo 260248.0000000000 -117.2580000000 32.8670000000 390.0000000000 1033.8243342771
156 -120.7897024844 35.1727327809 0 	!	 lime 834941.0000000000 -64.7540000000 17.6950000000 26.0000000000 3377.3440912240
157 -160.5237678782 55.3489105482 0 	!	 pagb 1123560.0000000000 144.7970000000 13.4280000000 1.0000000000 1910.1287159444
158 -135.3415670916 57.0192676237 0 	!	 pslu 851731.0000000000 -120.7530000000 35.1680000000 3.0000000000 3639.7684245316
159 -124.1392909300 46.8965467450 0 	!	 sdpt 788550.0000000000 -160.5020000000 55.3370000000 3.0000000000 2563.9829348131
160 -70.6152816517 41.5371569466 0 	!	 sitk 847523.0000000000 -135.3420000000 57.0520000000 -0.0000000000 4976.8311499475
161 -139.8387256562 59.5716295210 0 	!	 wpwa 925332.0000000000 -124.1100000000 46.9080000000 -0.0000000000 6406.9942989464
162 79.8366951990 6.9405034974 0 	!	 wood 293812.0000000000 -70.6720000000 41.5230000000 26.0000000000 1469.6219697179
163 -177.7302370312 -35.9634785733 0 	!	 yaku 1308203.0000000000 -139.7350000000 59.5480000000 5847.0000000000 9717.6401591998
164 -130.4661193277 54.3164747237 0 	!	 colo 938012.0000000000 79.8500000000 6.9410000000 2.0000000000 9672.1199030343
165 144.3058169951 43.9864037410 0 	!	 dnze 1242384.0000000000 -177.7080000000 -36.0490000000 3.0000000000 3944.1278276895
166 -89.8434879010 13.5914624187 0 	!	 prin2 648419.0000000000 -130.3170000000 54.3170000000 9.0000000000 2048.4862896344
167 -99.9349539127 16.8138533504 0 	!	 abas 1365659.0000000000 144.2900000000 44.0200000000 15.0000000000 4328.5299505033
168 -176.7696259349 51.8664183919 0 	!	 acaj 1422405.0000000000 -89.8381280000 13.5737920000 22.0000000000 9457.7444113101
169 -176.7696259349 51.8664183919 0 	!	 acap2 1422405.0000000000 -99.9030000000 16.8379333000 22.0000000000 9457.7444113101
170 8.7696549152 41.9064553451 0 	!	 adak 1051651.0000000000 -176.6320000000 51.8630000000 282.0000000000 1704.8712883373
171 -0.4996634527 38.3308064503 0 	!	 adak2 953893.0000000000 -176.6320000000 51.8630000000 9.0000000000 1829.8414825961
172 -154.3071644597 56.8646589230 0 	!	 ajac 74553.0000000000 8.7600000000 41.9200000000 4.0000000000 5119.7859831974
173 -2.4523896005 36.8193783050 0 	!	 alac2 569402.0000000000 -0.4813889000 38.3388889000 39.0000000000 2596.0599052839
174 13.5223921180 43.6298851083 0 	!	 alak2 938859.0000000000 -154.2481000000 56.8975000000 8.0000000000 1398.8002020451
175 -150.0282768687 61.1379590112 0 	!	 alme 638274.0000000000 -2.4783500000 36.8300200000 1.0000000000 13425.8738243091
176 -70.4256825282 -23.6793912190 0 	!	 AN15 134924.0000000000 13.5065166667 43.6247666667 166.0000000000 3526.5183117923
177 -84.8814911915 29.6461711680 0 	!	 anch2 1498602.0000000000 -149.8880000000 61.2380000000 10.0000000000 13230.5685783133
178 -91.3787900080 29.4457019787 0 	!	 anto2 192012.0000000000 -70.4046243600 -23.6542151700 2.0000000000 3963.7477015234
179 -66.6858634699 18.4855500842 0 	!	 apfl 1065685.0000000000 -84.9820000000 29.7270000000 68.0000000000 1832.1086622963
180 -1.2567026384 44.6988162543 0 	!	 apla 632845.0000000000 -91.3381000000 29.4496000000 18.0000000000 8269.2093772103
181 -70.3282313213 -18.5024953881 0 	!	 aracS 1395982.0000000000 -66.7024000000 18.4805000000 9.0000000000 3014.8734801038
182 35.8637702584 36.4453919264 0 	!	 arca 29553.0000000000 -1.1635500000 44.6650000000 12.0000000000 3828.0141830201
183 -4.5409724244 48.0059557894 0 	!	 aric2 432035.0000000000 -70.3232305000 -18.4758000000 2.0000000000 1762.0439861112
184 12.6101169604 41.4453935947 0 	!	 arsu 18468.0000000000 35.8851900000 36.4155900000 22.0000000000 2063.5206974969
185 16.8823377287 41.1291040857 0 	!	 audi 1167351.0000000000 -4.5372000000 48.0216000000 15.0000000000 1840.7339696371
186 2.1666071386 41.3493912960 0 	!	 AZ42 130941.0000000000 12.6347972222 41.4468583333 75.0000000000 850.8261059197
187 115.2369795154 -8.7402760508 0 	!	 BA05 604464.0000000000 16.8660333333 41.1402055556 8.0000000000 3685.6651677212
188 -3.0359841007 43.3805113927 0 	!	 barc 699463.0000000000 2.1657000000 41.3417700000 3.0000000000 3306.3041524276
189 57.7201187988 -20.4308172063 0 	!	 beno 82059.0000000000 115.2166000000 -8.7666000000 144.0000000000 1762.1352056307
190 -6.4203413517 36.7552123672 0 	!	 bil3 226372.0000000000 -3.0451300000 43.3515300000 1.0000000000 8995.5734010215
191 6.7271118129 53.5666214031 0 	!	 blueb 1607542.0000000000 57.7109500000 -20.4441333300 2.0000000000 1789.9968646270
192 1.5647433542 50.7159336772 0 	!	 bon2 1440391.0000000000 -6.3381300000 36.8022100000 9.0000000000 1566.9980787050
193 32.9827274423 36.0841312206 0 	!	 djve 1357384.0000000000 117.9420000000 -15.0230000000 18.0000000000 4004.0947356259
194 -4.6274407999 48.2723747237 0 	!	 bork 689794.0000000000 6.7494440000 53.5575000000 8.0000000000 15231.2849998963
195 -158.1238555188 21.3100575140 0 	!	 darw 1189736.0000000000 130.8460000000 -12.4720000000 8.0000000000 1388.3632483343
196 -73.8342665642 40.5517103865 0 	!	 boul 403365.0000000000 1.5774600000 50.7275000000 12.0000000000 22750.6030524695
197 -69.0390449000 12.1993366140 0 	!	 bozy 1182822.0000000000 32.9413108826 36.0974197388 439.0000000000 2498.4610935425
198 9.1092523402 39.2074771128 0 	!	 bres 550139.0000000000 -4.5000000000 48.3800000000 5.0000000000 516.5079731725
199 -77.1874256392 -12.0676360775 0 	!	 brpt 927112.0000000000 -158.1193000000 21.3218000000 6.0000000000 2247.9005015713
200 -1.8950143614 36.9772798564 0 	!	 btny2 900313.0000000000 -74.0200000000 40.7000000000 17.0000000000 524.4077910087
201 -9.4530159334 38.6891562371 0 	!	 bull 190001.0000000000 -69.0196139000 12.1873306000 67.0000000000 3296.2717603057
202 -76.2806023337 38.5874293661 0 	!	 CA02 879786.0000000000 9.1142000000 39.2101000000 1.0000000000 18521.1084858245
203 9.3408501642 42.9519669117 0 	!	 call 973015.0000000000 -77.1668000000 -12.0690000000 109.0000000000 1825.0804831730
204 15.9227472744 39.5182880073 0 	!	 carb 382030.0000000000 -1.8995900000 36.9743000000 92.0000000000 968.6951440592
205 8.3110520786 39.1931757330 0 	!	 casc 773062.0000000000 -9.4153840000 38.6931580000 13.0000000000 5518.4414012507
206 142.1818726449 27.0744015164 0 	!	 cbmd 289332.0000000000 -76.0683000000 38.5733000000 -0.0000000000 1912.0214111235
207 105.6493019341 -10.4433786620 0 	!	 cent 172946.0000000000 9.3501460000 42.9669040000 10.0000000000 2683.0092451758
208 91.7614874872 22.3230068881 0 	!	 CETR 503087.0000000000 15.9201710000 39.5267700000 5.0000000000 6632.2666864460
209 151.9092058111 7.4312131788 0 	!	 CF06 1358875.0000000000 8.3081000000 39.1436000000 1.0000000000 2775.6471142111
210 11.7984370848 42.0784589838 0 	!	 chij 1249795.0000000000 142.1900000000 27.0900000000 30.0000000000 1869.8711201096
211 109.0297843430 -7.7232987881 0 	!	 chrs 716235.0000000000 105.6693000000 -10.4294000000 4.0000000000 4425.4814447405
212 -74.9622674860 39.0022615452 0 	!	 chtt 68913.0000000000 91.8250000000 22.3333000000 7.0000000000 3781.4337117309
213 96.8823748409 -12.1414401384 0 	!	 chuu 662049.0000000000 151.8982417000 7.4536833000 452.0000000000 2939.4134348348
214 76.2312750895 9.9835725161 0 	!	 CI20 1120699.0000000000 11.7896472222 42.0939583333 1.0000000000 4094.6953658725
215 -3.9204970669 47.8641554865 0 	!	 cili 18697.0000000000 109.0000000000 -7.7500000000 11.0000000000 1443.5035322525
216 -145.8238147604 60.4249974633 0 	!	 cmnj 824607.0000000000 -74.9600000000 38.9683000000 3.0000000000 15289.3159421809
217 -93.3250981764 29.7620622546 0 	!	 cocb 880145.0000000000 96.8919000000 -12.1167000000 5.0000000000 1848.8909830882
218 17.1417632006 39.0635483453 0 	!	 coch 450561.0000000000 76.2600000000 9.9600000000 6.0000000000 2264.2477118712
219 15.1225187010 37.5258793007 0 	!	 conc 1597248.0000000000 -3.9073800000 47.8737000000 161.0000000000 4003.3316798916
220 -67.1827101547 44.6582408803 0 	!	 cord 1271735.0000000000 -145.7530000000 60.5580000000 78.0000000000 2165.5829650949
221 -17.4287884399 14.6605458410 0 	!	 cpla 1183037.0000000000 -93.3429000000 29.7682000000 39.0000000000 1961.3069535154
222 -170.1422479312 49.6207757985 0 	!	 CR08 352429.0000000000 17.1370555556 39.0835805556 5333.0000000000 20025.9289240891
223 158.1867547279 7.0067010077 0 	!	 CT03 1473634.0000000000 15.0938000000 37.4980000000 141.0000000000 3254.6482441441
224 6.9047569290 53.4302819700 0 	!	 cwme 633225.0000000000 -67.2100000000 44.6566670000 2.0000000000 11678.5683381289
225 4.7214094157 52.9655578957 0 	!	 dakar 489823.0000000000 -17.4200000000 14.6760000000 2.0000000000 1489.1451642639
226 1.0911193622 49.9391118506 0 	!	 dchu 1206627.0000000000 -169.8717000000 49.6625000000 3.0000000000 1103.8020917919
227 1.0911193622 49.9391118506 0 	!	 deke 1206627.0000000000 158.2001000000 6.9806000000 3.0000000000 1103.8020917919
228 -148.5885209863 55.2574730977 0 	!	 delf 1076372.0000000000 6.9329699417 53.3266112653 4179.0000000000 6329.6775213268
229 -129.5638431234 48.8188093152 0 	!	 denh 539238.0000000000 4.7434234427 52.9636753352 2877.0000000000 4303.1128403621
230 -156.8867008122 52.7091194417 0 	!	 diep 148817.0000000000 1.0850000000 49.9300000000 4548.0000000000 8907.5909174130
231 2.3180741555 51.0591101530 0 	!	 diep2 478367.0000000000 1.0850000000 49.9300000000 11.0000000000 3612.7902310508
232 -109.4549925762 -27.1651819611 0 	!	 dkod 579252.0000000000 -148.5500000000 55.3100000000 681.0000000000 1921.3747081435
233 -78.9596691886 9.5575035048 0 	!	 dsea 510780.0000000000 -129.6219000000 48.8128000000 1.0000000000 1153.3073775220
234 -66.9223506960 44.8672566387 0 	!	 dshu 15984.0000000000 -156.7783000000 52.6633000000 17.0000000000 6358.0262871252
235 34.2834523974 36.5655121988 0 	!	 dunk 1330199.0000000000 2.3666980000 51.0480900000 95.0000000000 2514.3391562716
236 121.8898569266 -33.8864334916 0 	!	 east2 1053277.0000000000 -109.4394260000 -27.1548500000 -0.0000000000 1801.4521436881
237 3.2705995989 52.0210496120 0 	!	 elpo 845748.0000000000 -78.9491800000 9.5582700000 23.0000000000 2611.5124100755
238 -65.6254384838 18.3460878389 0 	!	 epme 1474835.0000000000 -66.9850000000 44.9033000000 13.0000000000 1511.7009009469
239 -81.4231227294 30.6811184917 0 	!	 erdem 16321.0000000000 34.2553871900 36.5637289200 4.0000000000 4131.2647480396
240 147.0668520951 -19.2528383687 0 	!	 espe 1319963.0000000000 121.8954000000 -33.8709000000 5.0000000000 2861.0448281180
241 6.9291450608 43.4697856365 0 	!	 euro 773639.0000000000 3.2746870029 51.9976988652 533.0000000000 1573.3644780528
242 -81.9398902566 26.4377190157 0 	!	 faja 209818.0000000000 -65.6311000000 18.3336000000 3.0000000000 24607.1060606306
243 179.2022229468 -8.5137281919 0 	!	 fbfl 1204179.0000000000 -81.4650000000 30.6720000000 5.0000000000 1411.7763234051
244 -38.4536319767 -3.7275997976 0 	!	 ferg 453502.0000000000 147.0584000000 -19.2773000000 1.0000000000 1892.2321480672
245 -80.8353439805 32.0130099810 0 	!	 figu 480962.0000000000 6.9337670000 43.4835320000 -0.0000000000 6665.5366553878
246 -166.2939385953 23.8629855958 0 	!	 fmfl 509594.0000000000 -81.8700000000 26.6500000000 22.0000000000 1198.5484950943
247 -61.1116158854 14.6062600476 0 	!	 fong 1324305.0000000000 179.1949000000 -8.5033000000 486.0000000000 5220.3975712496
248 13.5789246504 41.1895496249 0 	!	 fort 853000.0000000000 -38.4667000000 -3.7166666670 76.0000000000 2446.4171309376
249 -134.9623994644 -23.1163346751 0 	!	 fpga 138191.0000000000 -80.9020000000 32.0330000000 36.0000000000 682.5878646987
250 -0.1351991338 38.9789598839 0 	!	 fren 440574.0000000000 -166.2830000000 23.8670000000 6.0000000000 2285.4481548831
251 73.1649952097 -0.6591039020 0 	!	 ftfr 1500923.0000000000 -61.0633330000 14.6016670000 117.0000000000 3502.0540696135
252 72.3891265303 -7.3055629058 0 	!	 GA37 1009933.0000000000 13.5897361111 41.2099916667 258.0000000000 1772.2941312094
253 8.8970064929 44.3949814046 0 	!	 gamb 1046217.0000000000 -134.9688880000 -23.1177740000 91.0000000000 2819.5693368660
254 15.2293994109 38.7608655233 0 	!	 gand 7096.0000000000 -0.1513900000 38.9952100000 1335.0000000000 4055.0178889278
255 -5.3367214956 36.1187712810 0 	!	 ganm 53237.0000000000 73.1520278000 -0.6878056000 62.0000000000 4132.6195782551
256 -5.6866396223 43.5517498866 0 	!	 garc 1531749.0000000000 72.3938750000 -7.2903361000 10.0000000000 1173.9550848180
257 -89.9466501400 29.2653208831 0 	!	 GE25 599924.0000000000 8.9255000000 44.4101000000 -0.0000000000 1000.4354984012
258 25.8419667314 40.2166761435 0 	!	 GI20 388787.0000000000 15.1932720000 38.7840290000 7.0000000000 4679.9096423036
259 -94.7612561736 29.3047301705 0 	!	 gibr3 563887.0000000000 -5.3650130000 36.1480830000 6.0000000000 3133.2489114223
260 140.7638156630 41.7674766294 0 	!	 gij2 906325.0000000000 -5.6983500000 43.5580300000 64.0000000000 3891.2109285739
261 73.1756048878 6.7573272946 0 	!	 gila 602379.0000000000 -89.9567000000 29.2633000000 75.0000000000 1432.8416909368
262 5.4037742445 53.1582479862 0 	!	 gokc 755088.0000000000 25.8936100006 40.2313919067 9.0000000000 1984.3589619942
263 115.7324605213 -31.8310783727 0 	!	 gptx 98326.0000000000 -94.7930000000 29.3100000000 2.0000000000 849.2266636397
264 -138.9976436912 -9.8560909087 0 	!	 hako 1609331.0000000000 140.7200000000 41.7800000000 908.0000000000 6979.8684294975
265 4.1280167697 52.0046629239 0 	!	 hani 827866.0000000000 73.1667000000 6.7667000000 6.0000000000 3079.4986289455
266 -1.1582121986 46.0210197762 0 	!	 harl 1463646.0000000000 5.4109729078 53.1755641043 2.0000000000 1955.8841957587
267 25.7645973005 34.9966477402 0 	!	 hill 94479.0000000000 115.7386000000 -31.8255000000 301.0000000000 2502.3049939444
268 15.4913117904 42.0895959141 0 	!	 hiva 777445.0000000000 -139.0344690000 -9.8048690000 57.0000000000 3364.4089862545
269 168.6040209069 -43.9617137056 0 	!	 hoek 110226.0000000000 4.1194910666 51.9774704941 11.0000000000 1610.6889331731
270 -2.1595784031 49.1891860640 0 	!	 iaix 317048.0000000000 -1.1742400000 46.0074000000 5.0000000000 3052.5176210126
271 -169.5172110959 16.7534193388 0 	!	 iera 1304090.0000000000 25.7385292053 35.0037498474 1.0000000000 1729.4801380522
272 -78.8697101774 -33.6416912723 0 	!	 IT45 896724.0000000000 15.5015666667 42.1188805556 573.0000000000 3740.7753468435
273 22.1388643275 37.0149365982 0 	!	 jack 312291.0000000000 168.6161000000 -43.9733000000 36.0000000000 2679.8200927980
274 154.8018654125 1.0697780023 0 	!	 jers 143180.0000000000 -2.1200000000 49.1800000000 9.0000000000 1055.7554888644
275 66.9373002359 24.8146239917 0 	!	 john 1267242.0000000000 -169.5233000000 16.7390000000 1.0000000000 3818.8853700655
276 21.3551668694 37.6575110132 0 	!	 juan 140574.0000000000 -78.8298810000 -33.6360170000 12.0000000000 3688.8461230192
277 70.4416935126 -49.4211072592 0 	!	 kala 1278082.0000000000 22.1098330000 37.0215330000 3.0000000000 18142.5630756787
278 70.4416935126 -49.4211072592 0 	!	 kapi 1278082.0000000000 154.8066861000 1.0779583000 3.0000000000 18142.5630756787
279 10.3161224809 54.5057414797 0 	!	 kara 1591805.0000000000 66.9750000000 24.8117000000 17.0000000000 2755.6267396760
280 -152.4091531977 57.6933624154 0 	!	 kata 999595.0000000000 21.3192330000 37.6404500000 17.0000000000 7449.1377218280
281 167.7243755113 8.7448860819 0 	!	 kerg 1198003.0000000000 70.2200000000 -49.3450000000 362.0000000000 1780.5976047480
282 9.8207688010 44.0494164153 0 	!	 kerg2 879754.0000000000 70.2200000000 -49.3450000000 36.0000000000 6015.3297977349
283 -80.9285692255 -2.2115804473 0 	!	 kiel 1244825.0000000000 10.2747220000 54.4997220000 4.0000000000 2555.5235222118
284 -64.7153782364 18.3022296299 0 	!	 kodi2 1375868.0000000000 -152.5120000000 57.7317000000 8.0000000000 2005.1970786850
285 40.8661963764 -2.3083655023 0 	!	 kwaj 248193.0000000000 167.7383000000 8.7367000000 1.0000000000 5964.1112343909
286 -1.2497870942 46.1395292301 0 	!	 LA38 681958.0000000000 9.8576000000 44.0966000000 15.0000000000 3080.2288434403
287 -4.7810725752 48.3474305418 0 	!	 lali 1177382.0000000000 -80.9064000000 -2.2177000000 12.0000000000 1399.9052831698
288 -2.8573925841 47.5133268638 0 	!	 lame2 199267.0000000000 -64.7242000000 18.3182000000 7.0000000000 4324.8570874579
289 123.9155536636 13.1752818073 0 	!	 lamu 706925.0000000000 40.9000000000 -2.2667000000 41.0000000000 17350.0857563984
290 0.0854837474 49.4811722306 0 	!	 larp 147218.0000000000 -1.2206500000 46.1585000000 8.0000000000 1483.6330649046
291 116.0640758926 -8.6638678841 0 	!	 leco 419689.0000000000 -4.7800000000 48.3600000000 12.0000000000 7508.2003096290
292 -1.7682082454 46.4775813619 0 	!	 lecy 990001.0000000000 -2.8951500000 47.5427000000 12.0000000000 2953.5364897131
293 177.4181282233 -17.6290863033 0 	!	 lega 872302.0000000000 123.7581170000 13.1462140000 6.0000000000 3435.5567351654
294 10.3035978040 43.5792154452 0 	!	 leha 235759.0000000000 0.1059900000 49.4819000000 2.0000000000 3677.6199039686
295 -67.0121845368 17.9554551930 0 	!	 lemba 1420550.0000000000 116.0722500000 -8.7309055560 12.0000000000 3968.6203320813
296 37.9037781894 -46.8670288427 0 	!	 leso 162342.0000000000 -1.7937300000 46.4975000000 740.0000000000 2819.0515585985
297 -4.4320041271 36.6940330749 0 	!	 levu 375292.0000000000 177.4383000000 -17.6049000000 11.0000000000 2385.0320268419
298 134.4433328621 7.3483546635 0 	!	 LI11 378944.0000000000 10.2993388889 43.5462861111 21.0000000000 2365.6017082892
299 73.5100191847 4.2034245035 0 	!	 magi 1032310.0000000000 -67.0464000000 17.9701000000 43.0000000000 2446.0217235954
300 120.9524513515 14.5977052884 0 	!	 mais 976826.0000000000 37.8667000000 -46.8667000000 7.0000000000 2686.7285008160
301 5.3525590346 43.2743601789 0 	!	 mal3 1148946.0000000000 -4.4170900000 36.7118400000 48.0000000000 1879.7803172092
302 171.3711231343 7.0833152126 0 	!	 mala 1565853.0000000000 134.4502000000 7.3282000000 435.0000000000 2538.1039767252
303 -72.0832167928 -17.0215129494 0 	!	 Male2 1202346.0000000000 73.5251889000 4.1874556000 278.0000000000 3557.1517085420
304 -67.1613589990 18.2016479360 0 	!	 mani 1570184.0000000000 120.9716000000 14.5822000000 8.0000000000 1794.2649336876
305 10.1936886885 42.7308432583 0 	!	 mars 574361.0000000000 5.3558000000 43.2911000000 76.0000000000 3874.6734032526
306 15.5291534539 38.1268845274 0 	!	 marsh 1220843.0000000000 171.3725000000 7.1061000000 78.0000000000 8282.2050455510
307 26.6465081642 38.5068866804 0 	!	 mata 704895.0000000000 -72.1088000000 -17.0009000000 5.0000000000 10716.1685489996
308 139.8221967285 34.9055515728 0 	!	 maya 157413.0000000000 -67.1588000000 18.2176000000 28.0000000000 1757.1001477219
309 -177.3742563584 28.2019961757 0 	!	 MC41 32422.0000000000 10.2383333333 42.7426333333 709.0000000000 1873.5107314332
310 153.9508597604 24.2878650913 0 	!	 ME13 1107480.0000000000 15.5635000000 38.1963000000 1763.0000000000 2851.6611882797
311 -104.3186215714 19.0135324371 0 	!	 ment 215164.0000000000 26.7166423798 38.4276885986 12.0000000000 5563.1106469556
312 -67.9457547071 18.1166423581 0 	!	 mera 319437.0000000000 139.8300000000 34.9200000000 29.0000000000 3065.4772196127
313 7.4137734587 43.7224725956 0 	!	 midx 1576285.0000000000 -177.3560000000 28.2070000000 229.0000000000 931.8768501229
314 -71.9679581394 41.0467811434 0 	!	 mins 7393.0000000000 153.9783000000 24.2822000000 1.0000000000 688.4028176700
315 -3.5167781310 36.7147871000 0 	!	 mnza 714349.0000000000 -104.3005333000 19.0605500000 12.0000000000 858.7035028184
316 28.4143898321 36.7915837471 0 	!	 mona2 221943.0000000000 -67.9383000000 18.0900000000 15.0000000000 5791.7022436883
317 14.2348473372 40.8258220546 0 	!	 monc 1241731.0000000000 7.4215800000 43.7286700000 80.0000000000 3276.3452032874
318 -61.1731714382 56.5287149463 0 	!	 mony 88437.0000000000 -71.9600000000 41.0483000000 -0.0000000000 31163.0290586528
319 166.9020464689 -0.5191065365 0 	!	 motr 546616.0000000000 -3.5236000000 36.7202400000 1294.0000000000 1629.8362403581
320 -159.3632758277 21.9264202705 0 	!	 mrms 723863.0000000000 28.3848457336 36.8379898071 442.0000000000 3417.0557190924
321 -165.4140086315 64.4917709466 0 	!	 NA23 112839.0000000000 14.2692000000 40.8397000000 2.0000000000 1193.0930759780
322 -51.9885179536 63.9932454922 0 	!	 nain 1567295.0000000000 -61.6800000000 56.5500000000 35.0000000000 23717.9397321966
323 166.4146595217 -22.2806947940 0 	!	 nauu 733153.0000000000 166.9092000000 -0.5319000000 34.0000000000 3804.2188022081
324 141.7711829968 39.0260652638 0 	!	 nawi 906293.0000000000 -159.3600000000 21.9570000000 52.0000000000 1950.2513754989
325 14.4026826853 42.3734322784 0 	!	 nome 1170412.0000000000 -165.4300000000 64.5000000000 6.0000000000 2191.2735264493
326 18.4921735708 40.1619928730 0 	!	 nuk1 1045539.0000000000 -51.7198130000 64.1713012000 23.0000000000 1779.7705704263
327 -0.2165829788 49.2899680665 0 	!	 numb2 113620.0000000000 166.4116000000 -22.2466000000 1.0000000000 2632.5224596786
328 13.4087505790 38.1058171642 0 	!	 ofun 805761.0000000000 141.7500000000 39.0200000000 39.0000000000 3706.3976393547
329 -134.6252849060 56.2763520889 0 	!	 OR24 713438.0000000000 14.4148611111 42.3559000000 35.0000000000 3552.5234517507
330 -134.6252849060 56.2763520889 0 	!	 OT15 713438.0000000000 18.4969000000 40.1464000000 35.0000000000 3552.5234517507
331 -170.7231616199 -14.2515891799 0 	!	 ouis 983092.0000000000 -0.2490300000 49.2793600000 24.0000000000 4469.0477437843
332 2.6430780046 39.5592364988 0 	!	 PA07 322476.0000000000 13.3713000000 38.1214000000 5.0000000000 490.5323565159
333 -22.9872482938 16.7484483793 0 	!	 paak 1243293.0000000000 -134.6467000000 56.2467000000 68.0000000000 841.1050608204
334 -149.5653597859 -17.5224846174 0 	!	 paak2 1451749.0000000000 -134.6467000000 56.2467000000 267.0000000000 1375.9295681905
335 -25.6786829084 37.7266578198 0 	!	 pago 570994.0000000000 -170.6907000000 -14.2766000000 12.0000000000 389.2670548737
336 13.5046524069 37.2857853532 0 	!	 palm 951598.0000000000 2.6374800000 39.5601500000 4.0000000000 1962.9238419808
337 23.6145645537 37.8897459238 0 	!	 palm1 870949.0000000000 -22.9833000000 16.7550000000 92.0000000000 5036.2629056971
338 -158.0329278762 -9.0044854092 0 	!	 pape2 727270.0000000000 -149.5731650000 -17.5323700000 277.0000000000 2022.2575697287
339 15.3129646459 40.0265400120 0 	!	 pdas 52126.0000000000 -25.6800000000 37.7300000000 78.0000000000 3229.4953326043
340 -57.5395893363 -37.9921398598 0 	!	 PE09 972247.0000000000 13.5268400000 37.2857600000 11.0000000000 896.0429788220
341 -162.0735469969 5.9140158419 0 	!	 peir 969952.0000000000 23.6212170000 37.9347330000 139.0000000000 3231.5467132903
342 -72.9574483589 -41.5015683802 0 	!	 penr 979037.0000000000 -158.0510000000 -9.0010000000 92.0000000000 1871.6620283833
343 -87.2070519969 30.3152142184 0 	!	 PL14 1186175.0000000000 15.2752916667 40.0299111111 7.0000000000 9772.8715137220
344 12.9456729975 40.8987687799 0 	!	 plat2 922675.0000000000 -57.5385055600 -38.0001527800 1.0000000000 1720.9144296889
345 141.6308095878 -38.3536226726 0 	!	 plmy 1219071.0000000000 -162.0900000000 5.8900000000 5.0000000000 1910.5754164153
346 -1.1064462914 45.5483111470 0 	!	 pmon2 553694.0000000000 -72.9608580000 -41.4849310000 1.0000000000 4152.9547144947
347 -61.7481271616 11.9907695014 0 	!	 pnfl 982994.0000000000 -87.2120000000 30.4030000000 13.0000000000 2437.8898783686
348 -148.4872775194 70.3726778099 0 	!	 PO40 418551.0000000000 12.9655888889 40.8951777778 1.0000000000 1903.2883780545
349 -89.4191542244 28.9547059339 0 	!	 porl 520620.0000000000 141.6132000000 -38.3434000000 1.0000000000 2830.6796132537
350 8.3911352202 40.8443340082 0 	!	 port 9050.0000000000 -1.0615700000 45.5685000000 3.0000000000 1099.6689728082
351 92.7680573063 11.6599255404 0 	!	 pric 1249100.0000000000 -61.7648280000 12.0053920000 112.0000000000 2398.4308011378
352 3.0582848548 42.9878281218 0 	!	 prud 1496884.0000000000 -148.5100000000 70.3880000000 26.0000000000 2930.4875489630
353 -70.1987726923 43.5804601898 0 	!	 psla 1312219.0000000000 -89.4067000000 28.9317000000 13.0000000000 9300.6613360960
354 -70.6981733614 19.8107604748 0 	!	 PT17 465263.0000000000 8.4039000000 40.8422000000 30.0000000000 1389.8624212731
355 3.1371866611 42.4893500632 0 	!	 ptbl 704655.0000000000 92.7600000000 11.6800000000 53.0000000000 4204.9352590365
356 -46.2024978413 60.6140946265 0 	!	 ptln 301947.0000000000 3.0372000000 43.0092000000 189.0000000000 14687.3229549739
357 114.2054555320 22.2066519070 0 	!	 ptme 804575.0000000000 -70.2466000000 43.6566000000 -0.0000000000 9426.3643014440
358 -84.2000579063 9.4489103998 0 	!	 ptpl 1220799.0000000000 -70.7020110000 19.7987940000 13.0000000000 4183.6099436696
359 12.2874464385 44.5212818878 0 	!	 ptve 1354123.0000000000 3.1073300000 42.5201000000 3.0000000000 3267.2940365999
360 -159.7838665297 -21.1940283678 0 	!	 qaqo 960744.0000000000 -46.0350000000 60.7176000000 12.0000000000 670.0645189426
361 15.6274335264 38.0879351542 0 	!	 quar 630460.0000000000 114.2133333000 22.2911111000 877.0000000000 4200.6784767874
362 -3.9318384102 48.7631576523 0 	!	 quepo 920629.0000000000 -84.1702000000 9.4255000000 29.0000000000 5536.1254887199
363 -61.4042466352 15.3102328137 0 	!	 RA10 1421595.0000000000 12.2829361111 44.4920750000 286.0000000000 1664.8250597771
364 14.7902004866 40.6583446919 0 	!	 raro 962238.0000000000 -159.7830000000 -21.2000000000 17.0000000000 3893.6586078868
365 95.3799974237 5.8403708717 0 	!	 RC09 175902.0000000000 15.6489166667 38.1217194444 654.0000000000 5225.0899626398
366 -0.2054079723 39.6589731689 0 	!	 rosc 479070.0000000000 -3.9655555556 48.7186111111 10.0000000000 2786.6959754863
367 -2.2905893176 47.1940918182 0 	!	 rose 587426.0000000000 -61.3891833000 15.3138500000 6.0000000000 10025.0978478865
368 145.7186515799 15.2251930838 0 	!	 SA16 1293715.0000000000 14.7508388889 40.6766416667 4.0000000000 2467.1411618556
369 54.0048239063 16.9473128067 0 	!	 saba 255116.0000000000 95.3333000000 5.8333000000 15.0000000000 1383.5887990582
370 -38.5061934279 -13.0173653535 0 	!	 sagu 912754.0000000000 -0.2062400000 39.6339200000 3.0000000000 5677.9003983267
371 -3.8633002399 43.4830743484 0 	!	 sain 163204.0000000000 -2.2000000000 47.2600000000 2.0000000000 6334.6121858726
372 -81.6986127675 12.5621566386 0 	!	 saip 456109.0000000000 145.7416000000 15.2266000000 17.0000000000 873.1536239894
373 -80.1117927713 -26.2985657465 0 	!	 sala 777299.0000000000 54.0067000000 16.9350000000 60.0000000000 776.7291165651
374 -66.1012845400 18.4699323508 0 	!	 salv 997139.0000000000 -38.5166670000 -12.9673330000 66.0000000000 1865.8478742437
375 13.0521755238 37.4975054697 0 	!	 san2 1420453.0000000000 -3.7907600000 43.4613000000 1.0000000000 2280.3023067831
376 -1.6591239455 43.4105087460 0 	!	 sana 700822.0000000000 -81.7014920000 12.5694890000 7.0000000000 2490.1051101645
377 3.7191166884 43.4052446759 0 	!	 sanf3 1367939.0000000000 -80.1085480000 -26.2922150000 14.0000000000 1826.2280021844
378 -149.4216690636 59.8826779756 0 	!	 sanj 733651.0000000000 -66.1167000000 18.4617000000 20.0000000000 26279.4814729567
379 18.9465329374 63.2127461290 0 	!	 SC43 556944.0000000000 13.0764555556 37.5045416667 18.0000000000 4126.1419933066
380 17.5819864899 42.7165909790 0 	!	 scoa 138136.0000000000 -1.6816200000 43.3952000000 77.0000000000 9045.4313221247
381 9.4015467300 41.8752993998 0 	!	 sete 681044.0000000000 3.6991100000 43.3976000000 21.0000000000 4956.9871394254
382 159.9662612692 -9.4283386687 0 	!	 sewa 1337288.0000000000 -149.4270000000 60.1190000000 26.0000000000 1182.0820899277
383 16.5019890262 43.1508415391 0 	!	 skagk 436236.0000000000 19.0125000000 63.1905560000 19.0000000000 6875.7384442465
384 -5.7314964568 -15.9225080878 0 	!	 sobr 485646.0000000000 17.6200000000 42.7930000000 108.0000000000 1898.6538860739
385 18.3529915509 58.9570323726 0 	!	 sole 772215.0000000000 9.3738000000 41.8358000000 45.0000000000 43652.5169830921
386 -2.0511773646 48.7153657653 0 	!	 solo 72582.0000000000 159.9555000000 -9.4289000000 20.0000000000 8377.0373686485
387 120.1665957681 14.7420177500 0 	!	 stari 1373243.0000000000 16.5760000000 43.1810000000 33.0000000000 15046.6928011987
388 39.5352905674 -69.0217540464 0 	!	 sthl2 1575446.0000000000 -5.7143940000 -15.9179180000 314.0000000000 2087.1783958091
389 24.9723031601 37.4624411685 0 	!	 sthm 286063.0000000000 18.0819440000 59.3241670000 36.0000000000 3869.5261042231
390 -81.3016781476 -4.6029197503 0 	!	 stma 298984.0000000000 -2.0280000000 48.6416000000 1.0000000000 3695.3172588724
391 172.8998513541 1.3597259091 0 	!	 subi 671162.0000000000 120.2833000000 14.8167000000 1272.0000000000 3365.5961447021
392 17.1616947797 40.4336324095 0 	!	 syow 993433.0000000000 39.5702780000 -69.0077780000 28.0000000000 6899.9178269116
393 1.2236652585 41.0999503286 0 	!	 syro 427672.0000000000 24.9411000000 37.4380000000 35.0000000000 2490.8502751817
394 33.7874996003 36.2052365865 0 	!	 tala 206930.0000000000 -81.2798500000 -4.5778000000 27.0000000000 9536.2348903547
395 5.3672435832 53.4267576285 0 	!	 tara 894201.0000000000 172.9300000000 1.3625000000 -0.0000000000 2284.8978080851
396 -1.7386594701 4.9115612240 0 	!	 tara1 1000052.0000000000 17.2214000000 40.4759000000 14.0000000000 3347.2567290212
397 5.8816746544 43.0677538062 0 	!	 tarr 507011.0000000000 1.2132500000 41.0789700000 114.0000000000 6062.1065932456
398 137.1892264872 36.7649129729 0 	!	 tasu 95177.0000000000 33.8362274170 36.2814636230 182.0000000000 2795.2356128279
399 13.7407493744 45.6802069650 0 	!	 ters 38120.0000000000 5.3328043352 53.4278341365 15.0000000000 3107.6467589668
400 -3.4350673734 47.6697847183 0 	!	 tkdi 709428.0000000000 -1.7449720000 4.8821230000 9.0000000000 3013.7006461082
401 -146.8479071949 60.9195751616 0 	!	 toul 835290.0000000000 5.9130600000 43.1172200000 188.0000000000 34741.0742394530
402 -0.3283603134 39.4212169693 0 	!	 toya 1181684.0000000000 137.2200000000 36.7600000000 5.0000000000 2740.0593876719
403 -71.6156502281 -33.0363897384 0 	!	 TR22 504455.0000000000 13.7561000000 45.6544000000 24.0000000000 1496.0219551602
404 168.2996701243 -17.7839355740 0 	!	 tudy 1467049.0000000000 -3.4470570000 47.6439130000 141.0000000000 3295.7046285028
405 12.4389525815 45.4301321477 0 	!	 vald2 1336033.0000000000 -146.3620000000 61.1250000000 5.0000000000 1641.6431182359
406 -64.2260733248 -65.2325582412 0 	!	 vale 326714.0000000000 -0.3112800000 39.4420300000 125.0000000000 2818.8352564210
407 16.1809297000 41.8585362147 0 	!	 valp2 624252.0000000000 -71.6278727500 -33.0276712800 5.0000000000 3301.4711551356
408 -65.4851288606 18.0891561705 0 	!	 vanu 792767.0000000000 168.3077000000 -17.7553000000 11.0000000000 1544.0078119111
409 -9.0497553261 42.6333902117 0 	!	 VE19 1550983.0000000000 12.4265280000 45.4182190000 31.0000000000 23175.9726589732
410 83.2724147721 17.6485280155 0 	!	 vern 1283067.0000000000 -64.2700000000 -65.2500000000 48.0000000000 3590.6215527623
411 166.6203026482 19.3031172223 0 	!	 VI12 770125.0000000000 16.1770111111 41.8880833333 969.0000000000 1478.4522707281
412 12.0635656987 54.1816105314 0 	!	 vieq 1263428.0000000000 -65.4714000000 18.0939000000 11.0000000000 2906.2192070516
413 174.7461132057 -41.3546286289 0 	!	 vil2 1526128.0000000000 -8.7700300000 42.6007100000 92.0000000000 8257.3855640157
414 -89.3228564924 30.3056943252 0 	!	 vish 920188.0000000000 83.2800000000 17.6800000000 2.0000000000 2319.6381777275
415 -157.4916889767 2.0121836103 0 	!	 wake 1196540.0000000000 166.6180000000 19.2900000000 112.0000000000 3759.5876750983
416 -65.8272379633 18.0401368797 0 	!	 warn 1033217.0000000000 12.1033330000 54.1697220000 64.0000000000 1771.8393557432
417 174.7461132057 -41.3546286289 0 	!	 wlgt 1526128.0000000000 174.7790967000 -41.2846217000 92.0000000000 8257.3855640157
418 -89.3228564924 30.3056943252 0 	!	 wlms 920188.0000000000 -89.3258000000 30.3264000000 2.0000000000 2319.6381777275
419 -157.4916889767 2.0121836103 0 	!	 xmas 1196540.0000000000 -157.4730000000 1.9840000000 112.0000000000 3759.5876750983
420 -65.8272379633 18.0401368797 0 	!	 yabu 1033217.0000000000 -65.8330000000 18.0551000000 64.0000000000 1771.8393557432
