1 420
0 31536000 400
-65.8888292317 -47.757989519 1 dese
-65.031210351 -42.7654604259 2 madry
147.3378276498 -42.8947180885 3 bapj
122.2218811274 -18.0039796482 4 brom
145.916802774 -41.0449226831 5 barn
117.9137551587 -14.9764553634 6 djve
130.8470439301 -12.4696539247 7 bork
150.9128326012 -34.4753778337 8 darw
114.1926565032 -21.815196506 9 boul
150.7884994177 -23.1620439562 10 pkem
147.9370459176 -42.550476858 11 pmur
133.6433371397 -32.1450018897 12 ross
142.2233217311 -10.5879820886 13 sprg
2.9269045845 51.2404208107 14 thev
-48.4904832947 -1.4384875353 15 trst
-125.1379821546 48.8409776043 16 oste
-52.6818298243 47.5609988782 17 bele
-123.1569840601 49.2858679153 18 bamf
-70.2000999065 -52.6506720215 19 stjo
-57.9023208187 -63.3212355836 20 vhbc
-70.8279848347 -27.0490541814 21 greg
-71.3352052966 -29.9447994432 22 ohig3
-73.4254082108 -39.8656311388 23 cald
-71.5323062203 -32.124803514 24 coqu
-71.6078781808 -30.2921092113 25 corr
-72.8722062055 -45.444673257 26 pich
-67.6119002389 -54.9285027767 27 ptal
-71.5183699027 -32.7728486684 28 pcha
-73.0578436807 -36.6314128712 29 pwil
-73.1058550809 -36.6942011999 30 qtro
178.4197158097 -18.1382195056 31 quir
-1.6367932104 49.6612819145 32 talc
45.2586879692 -12.7803655298 33 viti
-2.2927333731 47.0262690812 34 cher
167.8771546187 -21.5446872862 35 dzao
-140.0828220862 -8.9340205132 36 herb
-2.828739123 48.6513470108 37 mare
-2.828739123 48.6513470108 38 nuku
-149.4826510848 -23.3428501373 39 stqy
8.7117524918 53.8723726695 40 stqy2
7.8967362475 54.1752424357 41 tubua
8.2967326245 54.7577471908 42 cuxh
22.4343332696 38.4253639775 43 helg
12.6062320645 35.4903704684 44 horn
131.4146344772 31.5828001851 45 itea
139.9288256818 40.6529978786 46 LA23
132.0602666885 34.9038188195 47 abur
145.5794022114 43.274888592 48 fuka
124.1647300541 24.3261401331 49 hmda
135.7609990275 33.470023848 50 hana
144.3653656354 42.9870027679 51 ishig
129.8161283551 32.7275335866 52 kusm
127.6636833792 26.2137524392 53 kush
138.2254777038 34.6071587684 54 naga
138.5169539387 38.3177507251 55 naha
133.3489408186 36.1944956897 56 omae
132.9411606029 32.7696471106 57 sado
141.6983793245 45.4103125345 58 saig
-171.725978157 -2.7974847939 59 tosa
-96.1124504837 15.7415043179 60 waka
171.4367758921 -41.8990273322 61 kant
16.1368754388 69.3211359002 62 huat
25.9766784119 70.9712030797 63 chst
5.0315590179 61.9352814377 64 ande
11.1243175479 64.8232155375 65 honn
7.6070098285 57.9920489464 66 malo
31.1194873616 70.3811964175 67 rorv
125.6646215616 7.1482873484 68 treg
-176.2437444802 -9.5041960978 69 vard
-17.8940434809 27.7825808339 70 davo
-13.8578436221 28.487888319 71 dapi
-8.3878930727 43.3715603203 72 hie2
16.9618307893 58.474094782 73 fue2
18.2074867892 60.4038243434 74 coru
21.262325298 64.9101713729 75 arko
11.7633002993 57.6877300309 76 fors
20.3452956845 63.6888210332 77 furu
23.0985064142 65.700367082 78 gokr
14.8083544449 56.1401585966 79 holm
12.8964858592 55.52382917 80 kalit
15.571065051 56.101468337 81 karl
11.0767550756 58.9713404523 82 klag
17.8666896044 58.7689035139 83 kung
17.0933711948 57.3649441706 84 kungr
16.5055766819 57.278691598 85 land
17.104115541 58.6469888217 86 olan
20.898334682 63.9800918824 87 oska
16.6800856989 57.4136452776 88 oxel
14.3617809424 55.5571431796 89 rata
11.2031492184 58.3634714683 90 simp
17.5399298383 62.3636565186 91 simr
18.289791823 57.6412702549 92 smog
39.177873745 -6.1536344116 93 spik
-175.1979657481 -21.1320295543 94 visb
26.8227717661 40.6145872318 95 zanz
30.6157923508 36.8349220845 96 nkfa
26.7928812464 40.6519858474 97 amas
26.8227717661 40.6145872318 98 anta
-2.0732401741 57.153114638 99 igne
-5.6616393831 54.6689190402 100 sile
1.3051960385 52.9329575226 101 abed
1.3239454452 51.1070717441 102 bang
1.2925638161 51.9365286372 103 crom
-2.9225949397 54.0311359511 104 dove
-4.6097527869 53.3037767422 105 harw
-4.109861961 51.2098378556 106 heys
-5.0894920519 58.4524907233 107 holy2
-3.1739316632 55.9900556993 108 ilfa
-1.1567804169 60.1286624473 109 kinl
-3.0231501087 53.452707297 110 leit
1.7587395796 52.4720122708 111 lerw2
-5.118202636 51.6968487199 112 live
-4.9065944997 55.7477827423 113 lowe
-3.9781397149 51.5696175982 114 mhav
0.0609130962 50.780370316 115 mill
-5.5379617339 50.0962029713 116 mumb
-2.9912602495 51.5429325712 117 nhav
-1.418309386 55.0047238481 118 newl2
-4.1715714255 50.3540080374 119 npor
-5.1252711733 54.8403175386 120 nshi
-6.6632985445 55.2131024369 121 plym
-1.1133169514 50.787942009 122 porp
0.7406333462 51.4545234564 123 prus
-6.3604719699 58.1789959487 124 ptmt
-0.603553504 54.4906716199 125 shee
-3.0722114051 58.4357903595 126 stor
-3.5684911759 54.6538597257 127 whit
-122.3041538425 37.7641848424 128 wick
-123.7143868261 38.9150293221 129 work
-123.7713638649 46.2030167944 130 alam
-174.1780871792 52.2336673936 131 aren
-74.4196296061 39.3569774095 132 asto
-76.5631633315 39.2575093174 133 atka
-68.1959673178 44.3906092918 134 acnj
-76.6820902032 34.6911832391 135 bamd
-70.9745577358 42.3367660977 136 bame
-73.1853404862 41.1588092843 137 benc
-64.9195618061 18.3185973225 138 boma
-122.7530099134 48.8636183645 139 bgct
-82.8321590658 27.9817627763 140 amal
-124.1853737001 41.7491886706 141 chrp
153.9023551307 11.8794164495 142 cwfl
171.8587387225 50.1533855996 143 cres
-75.7515179885 36.184590261 144 dkwa
-166.5657801274 53.8889308263 145 datu
-136.3484563563 58.1835427455 146 dpnc
-122.4671956193 37.8080051257 147 dutc
144.6587146067 13.4446308941 148 elak
-155.0577119043 19.7425192218 149 fpnt
-156.4650042191 20.903798843 150 guam
-155.8273976289 20.0332304804 151 hilo
-81.8080537591 24.5453421072 152 kahu
-117.2568815298 32.8682811727 153 kawa
-64.7588139726 17.6978226397 154 kwfl
144.8008977208 13.4260389493 155 lajo
-120.7547030435 35.1642277828 156 lime
-160.501416203 55.3323899524 157 pagb
-135.3635423777 57.0352997473 158 pslu
-124.1100373883 46.9091751035 159 sdpt
-70.6530124832 41.5200550946 160 sitk
-139.7969333309 59.5659837337 161 wpwa
79.8428280159 6.9473570472 162 wood
-177.7231575833 -36.0963435118 163 yaku
-130.3593880383 54.249536254 164 colo
144.2951096294 44.0238181591 165 dnze
-89.8359054403 13.5700566675 166 prin2
-99.9008921968 16.8274080235 167 abas
-176.6252106039 51.855659334 168 acaj
-176.6252106039 51.855659334 169 acap2
8.7646864286 41.9220096106 170 adak
-0.4876580385 38.3348542059 171 adak2
-154.2365187204 56.8901102011 172 ajac
-2.4812656101 36.833653322 173 alac2
13.5153330988 43.6279679117 174 alak2
-149.8876248957 61.2440519961 175 alme
-70.4080147714 -23.6590600305 176 AN15
-84.9821603723 29.7206160855 177 anch2
-91.3368153716 29.4422231218 178 anto2
-66.6973101808 18.4806603417 179 apfl
-1.1598560115 44.6662678048 180 apla
-70.3254141193 -18.4745298005 181 aracS
35.8904504389 36.416299608 182 arca
-4.5367071307 48.0095994481 183 aric2
12.6402874551 41.450264306 184 arsu
16.8659033898 41.1398747563 185 audi
2.1587858536 41.3423755697 186 AZ42
115.2153026214 -8.7721132188 187 BA05
-3.0387370621 43.3558389094 188 barc
57.7096241679 -20.444588621 189 beno
-6.3627920464 36.7933352835 190 bil3
6.7466550648 53.55350128 191 blueb
1.5748523359 50.7247032193 192 bon2
32.9369941919 36.0936529063 193 djve
-4.5316401552 48.3522190413 194 bork
-158.1237725121 21.323504611 195 darw
-74.02493328 40.6903787121 196 boul
-69.0170364227 12.1828108977 197 bozy
9.1087220347 39.2127499654 198 bres
-77.1693970237 -12.0676798295 199 brpt
-1.8986950613 36.9728897287 200 btny2
-9.4178027727 38.6946366374 201 bull
-76.154028819 38.6323421129 202 CA02
9.3461615396 42.9721760989 203 call
15.9107910148 39.5237600134 204 carb
8.3103070952 39.1319734739 205 casc
142.1828224922 27.0918919659 206 cbmd
105.6620408866 -10.4346310234 207 cent
91.7660432351 22.3211183708 208 CETR
151.9018153642 7.4575872094 209 CF06
11.7839751101 42.0867953176 210 chij
109.0143153795 -7.7568138482 211 chrs
-74.9638192027 38.9745697873 212 chtt
96.8920093408 -12.1154068145 213 chuu
76.2378472047 9.9529258265 214 CI20
-3.9262861277 47.8643766834 215 cili
-145.746360063 60.561640681 216 cmnj
-93.3301234839 29.7656808139 217 cocb
17.1345600408 39.0862935975 218 coch
15.1000467015 37.5016465882 219 conc
-67.2059109197 44.6441023001 220 cord
-17.4211708617 14.6729556229 221 cpla
-170.0196105071 49.6864711473 222 CR08
158.192619903 6.9839187875 223 CT03
6.9355572027 53.3344503497 224 cwme
4.7329256733 52.9678576383 225 dakar
1.0904413859 49.9338186528 226 dchu
1.0904413859 49.9338186528 227 deke
-148.6562467465 55.3185592474 228 delf
-129.6155351447 48.8029097769 229 denh
-156.8112295436 52.5720746262 230 diep
2.362676602 51.0533716043 231 diep2
-109.4400158943 -27.1482851683 232 dkod
-78.9452843848 9.5539484001 233 dsea
-66.9811273765 44.9063198573 234 dshu
34.2679046261 36.555316217 235 dunk
121.9029699493 -33.8743764002 236 east2
3.2596581159 51.9740104783 237 elpo
-65.6303524977 18.3412923946 238 epme
-81.4308855819 30.6620455722 239 erdem
147.0537970138 -19.278018539 240 espe
6.9403527521 43.4853168462 241 euro
-82.0105044999 26.51903077 242 faja
179.1962435871 -8.5040506276 243 fbfl
-38.465311986 -3.7180175302 244 ferg
-80.8973886385 32.0450387315 245 figu
-166.2780024372 23.8694401703 246 fmfl
-61.0680122522 14.5951422879 247 fong
13.5921015347 41.2079052971 248 fort
-134.9695149005 -23.1171468148 249 fpga
-0.1506349139 38.9905937739 250 fren
73.1513285759 -0.6878277119 251 ftfr
72.3903562623 -7.2903554803 252 GA37
8.925434097 44.393667251 253 gamb
15.1911541557 38.7837594347 254 gand
-5.3597331542 36.142688295 255 ganm
-5.698707358 43.5539270533 256 garc
-89.9533776971 29.2679813885 257 GE25
25.8904606433 40.2313018302 258 GI20
-94.780207547 29.2949583023 259 gibr3
140.725376133 41.77787872 260 gij2
73.1660904139 6.7655201415 261 gila
5.4099454172 53.1682190498 262 gokc
115.7353639052 -31.8253949335 263 gptx
-139.0397616399 -9.8071541006 264 hako
4.109771578 51.9912281543 265 hani
-1.172512578 46.0061428457 266 harl
25.7415890843 35.0082519721 267 hill
15.5102039021 42.1104020109 268 hiva
168.6188488531 -43.9771310958 269 hoek
-2.1273226658 49.1807511594 270 iaix
-169.5207862399 16.7381342616 271 iera
-78.8286712571 -33.6238672865 272 IT45
22.1149910065 37.0236567404 273 jack
154.8114762874 1.0760847298 274 jers
66.9888362724 24.8044571319 275 john
21.31729881 37.6380903564 276 juan
70.2272368453 -49.35301093 277 kala
70.2272368453 -49.35301093 278 kapi
10.2716558817 54.4963953956 279 kara
-152.4706092341 57.7386888008 280 kata
167.7363014034 8.7340199463 281 kerg
9.8728079211 44.0736626496 282 kerg2
-80.9087579862 -2.2161801204 283 kiel
-64.7354126782 18.3144413332 284 kodi2
40.9021156415 -2.2996614846 285 kwaj
-1.2270811215 46.158646993 286 LA38
-4.7830325595 48.3585024205 287 lali
-2.8962514309 47.5370159448 288 lame2
123.7571330567 13.1501063446 289 lamu
0.0995875119 49.4769693519 290 larp
116.0536557544 -8.7174274603 291 leco
-1.7883250121 46.4911560633 292 lecy
177.4362298556 -17.5997142222 293 lega
10.2980665744 43.540008367 294 leha
-67.0419370977 17.9661991011 295 lemba
37.8612844322 -46.8712869849 296 leso
-4.421339068 36.7103204416 297 levu
134.4392369942 7.3115232305 298 LI11
73.529790022 4.1864462701 299 magi
120.9694053899 14.5828192299 300 mais
5.3534771665 43.2921477656 301 mal3
171.3687597358 7.1096714521 302 mala
-72.1090394498 -16.9947479946 303 Male2
-67.1618632424 18.2134721211 304 mani
10.2404865189 42.7421780057 305 mars
15.5733298592 38.202728935 306 marsh
26.7044410535 38.4296665463 307 mata
139.8236377764 34.9179368739 308 maya
-177.3567057817 28.201989822 309 MC41
153.9804597379 24.2811348463 310 ME13
-104.3076238648 19.0741685894 311 ment
-67.944663095 18.0895111277 312 mera
7.4178069244 43.732011966 313 midx
-71.9586247477 41.0461359337 314 mins
-3.5245706079 36.7169981242 315 mnza
28.4253791293 36.8270015847 316 mona2
14.2606596773 40.8364930488 317 monc
-61.6638045751 56.5558599773 318 mony
166.9052938089 -0.5330248709 319 motr
-159.3550030865 21.9363097862 320 mrms
-165.4392486313 64.4989997596 321 NA23
-51.7490000195 64.1653324468 322 nain
166.3883138752 -22.2495373125 323 nauu
141.7458502071 39.0102398552 324 nawi
14.4112896752 42.3542489736 325 nome
18.4958239242 40.148816161 326 nuk1
-0.2411347787 49.2906141209 327 numb2
13.374607433 38.1189088089 328 ofun
-134.628223491 56.2513733996 329 OR24
-134.628223491 56.2513733996 330 OT15
-170.6792203084 -14.2942880245 331 ouis
2.6436672612 39.5645000368 332 PA07
-22.9805116871 16.7545769751 333 paak
-149.5740857736 -17.5339621778 334 paak2
-25.6804083562 37.731157772 335 pago
13.5340204267 37.2873317515 336 palm
23.6253469929 37.9298234483 337 palm1
-158.0568823326 -9.0000034269 338 pape2
15.2687898322 40.0236832811 339 pdas
-57.5420473258 -38.0038217178 340 PE09
-162.0909762547 5.8976798661 341 peir
-72.9596549661 -41.4796743938 342 penr
-87.190232797 30.3224365925 343 PL14
12.967148484 40.8904859254 344 plat2
141.6146571204 -38.3391315371 345 plmy
-1.0670360888 45.5645330899 346 pmon2
-61.7742754764 11.9934010365 347 pnfl
-148.5001733566 70.3847526038 348 PO40
-89.3996890849 28.9303021925 349 porl
8.4021034071 40.842142844 350 port
92.7600390378 11.6806105068 351 pric
3.0595895631 43.0037161651 352 prud
-70.2141673714 43.6333568207 353 psla
-70.6897008472 19.8012548688 354 PT17
3.108702673 42.5246517842 355 ptbl
-46.0397401937 60.7145207911 356 ptln
114.1653500547 22.3017886466 357 ptme
-84.170631425 9.4225807945 358 ptpl
12.2854436565 44.4996562146 359 ptve
-159.7869891607 -21.1978472529 360 qaqo
15.6478689299 38.1162141507 361 quar
-3.9687209769 48.7173694167 362 quepo
-61.3996110294 15.3120806675 363 RA10
14.7558336547 40.6744989208 364 raro
95.3514386709 5.8141325193 365 RC09
-0.2079248628 39.6378701917 366 rosc
-2.202468839 47.26511054 367 rose
145.7381663254 15.2273637862 368 SA16
54.0104628579 16.932128131 369 saba
-38.523426334 -12.9675760106 370 sagu
-3.7834056785 43.4767249722 371 sain
-81.703518271 12.5655082081 372 saip
-80.1054846019 -26.2871860612 373 sala
-66.1178299779 18.4678886324 374 salv
13.0812163962 37.502818736 375 san2
-1.6797306389 43.4006616619 376 sana
3.7001756281 43.3992410856 377 sanf3
-149.4269221322 60.1218194612 378 sanj
19.0038243002 63.1867104577 379 SC43
17.6241128611 42.7940642379 380 scoa
9.4004614435 41.8437423522 381 sete
159.9554282479 -9.4286769869 382 sewa
16.5661122264 43.1411635788 383 skagk
-5.7138622591 -15.9162938894 384 sobr
18.198170509 59.0619583322 385 sole
-2.0338932774 48.6501473749 386 solo
120.2821573183 14.8153418808 387 stari
39.559095621 -69.0013369443 388 sthl2
24.9449362929 37.4424408399 389 sthm
-81.2888988603 -4.5780325392 390 stma
172.9324647062 1.3654301669 391 subi
17.2221241053 40.4786527238 392 syow
1.2119603955 41.0859093481 393 syro
33.8382612025 36.2832662225 394 tala
5.3325259147 53.4263172548 395 tara
-1.7453592924 4.8832854113 396 tara1
5.9303256084 43.1036268574 397 tarr
137.2183839123 36.7642022665 398 tasu
13.7622772133 45.6558110954 399 ters
-3.4412981192 47.6445980002 400 tkdi
-146.368435199 61.1222397778 401 toul
-0.3137219831 39.442429196 402 toya
-71.6345193734 -33.0238156755 403 TR22
168.2859337054 -17.7582355899 404 tudy
12.4287192455 45.4198972088 405 vald2
-64.2608304649 -65.257362581 406 vale
16.176241072 41.8862960086 407 valp2
-65.4682299515 18.0870171017 408 vanu
-8.7884183597 42.6027646365 409 VE19
83.2880272343 17.6654767873 410 vern
166.6137831904 19.2878060593 411 VI12
12.1130610341 54.1796440395 412 vieq
174.7921485867 -41.2775517501 413 vil2
-89.324826472 30.3231815814 414 vish
-157.4751979864 1.9835246022 415 wake
-65.8261711068 18.0546601366 416 warn
174.7921485867 -41.2775517501 417 wlgt
-89.324826472 30.3231815814 418 wlms
-157.4751979864 1.9835246022 419 xmas
-65.8261711068 18.0546601366 420 yabu
