1 0 0 0 0 0 0 0 0	 ! https://schism-dev.github.io/schism/master/input-output/optional-inputs.html#stationin-bp-format
420	 ! number of stations
1 -65.8888292317 -47.7579895190 0 	!	 dese 2727226.0000000000 -65.9150000000 -47.7540000000 7.1092939377 2006.0645562672
2 -65.0312103510 -42.7654604259 0 	!	 madry 1690211.0000000000 -65.0310000000 -42.7630000000 10.5000000000 274.1252476109
3 147.3378276498 -42.8947180885 0 	!	 bapj 6162882.0000000000 147.3380000000 -42.8920000000 31.7255306244 302.5635935155
4 122.2218811274 -18.0039796482 0 	!	 brom 7378789.0000000000 122.2190000000 -18.0010000000 20.3750000000 450.1173034423
5 145.9168027740 -41.0449226831 0 	!	 barn 5223718.0000000000 145.9150000000 -41.0500000000 15.6875000000 584.4627218226
6 117.9137551587 -14.9764553634 0 	!	 djve 5832485.0000000000 117.9420000000 -15.0230000000 5684.4375000000 5999.1034280877
7 130.8470439301 -12.4696539247 0 	!	 bork 3313626.0000000000 6.7494440000 53.5575000000 14.4920568466 284.4296061595
8 150.9128326012 -34.4753778337 0 	!	 darw 1875466.0000000000 130.8460000000 -12.4720000000 17.1250000000 171.1657533927
9 114.1926565032 -21.8151965060 0 	!	 boul 3093267.0000000000 1.5774600000 50.7275000000 7.7794046402 263.5489838056
10 150.7884994177 -23.1620439562 0 	!	 pkem 2761123.0000000000 150.9120000000 -34.4740000000 1.0071688890 192.3780534335
11 147.9370459176 -42.5504768580 0 	!	 pmur 5349341.0000000000 114.1910000000 -21.8170000000 15.5310735703 598.0447050691
12 133.6433371397 -32.1450018897 0 	!	 ross 6709289.0000000000 150.7900000000 -23.1610000000 4.2500000000 496.0418722479
13 142.2233217311 -10.5879820886 0 	!	 sprg 5195686.0000000000 147.9330000000 -42.5460000000 4.7662639618 263.5267547028
14 2.9269045845 51.2404208107 0 	!	 thev 7294066.0000000000 133.6410000000 -32.1490000000 2.5179634094 713.9924761437
15 -48.4904832947 -1.4384875353 0 	!	 trst 4835593.0000000000 142.2220000000 -10.5860000000 2.8125000000 727.0500440731
16 -125.1379821546 48.8409776043 0 	!	 oste 4191781.0000000000 2.9270000000 51.2340000000 46.8975677490 183.3689722598
17 -52.6818298243 47.5609988782 0 	!	 bele 4695228.0000000000 -48.4960000000 -1.4420000000 22.8338470459 3033.7084807649
18 -123.1569840601 49.2858679153 0 	!	 bamf 2589098.0000000000 -125.1400000000 48.8400000000 5.2823357582 2917.6412533013
19 -70.2000999065 -52.6506720215 0 	!	 stjo 2387075.0000000000 -52.7200000000 47.5700000000 31.6250000000 669.9021821971
20 -57.9023208187 -63.3212355836 0 	!	 vhbc 4257298.0000000000 -123.1170000000 49.2830000000 50.7500000000 70.9549924839
21 -70.8279848347 -27.0490541814 0 	!	 greg 3454194.0000000000 -70.2090000000 -52.6480000000 27.5726985931 1797.5612749775
22 -71.3352052966 -29.9447994432 0 	!	 ohig3 6356393.0000000000 -57.9010000000 -63.3210000000 18.1875000000 578.6137234966
23 -73.4254082108 -39.8656311388 0 	!	 cald 7186913.0000000000 -70.8250000000 -27.0650000000 5.8968205452 2379.9883854254
24 -71.5323062203 -32.1248035140 0 	!	 coqu 6769764.0000000000 -71.3350000000 -29.9500000000 98.8750000000 1283.3281864255
25 -71.6078781808 -30.2921092113 0 	!	 corr 5419325.0000000000 -73.4270000000 -39.8870000000 9.1250000000 16.8603724093
26 -72.8722062055 -45.4446732570 0 	!	 pich 5026690.0000000000 -71.5290000000 -32.1360000000 158.3750000000 4769.1407137654
27 -67.6119002389 -54.9285027767 0 	!	 ptal 1268030.0000000000 -71.6080000000 -30.2920000000 6.3289337158 503.3650952022
28 -71.5183699027 -32.7728486684 0 	!	 pcha 5019149.0000000000 -72.8200000000 -45.4670000000 10.4837589264 664.4322496449
29 -73.0578436807 -36.6314128712 0 	!	 pwil 1316689.0000000000 -67.6110000000 -54.9330000000 28.5000000000 515.5910340628
30 -73.1058550809 -36.6942011999 0 	!	 qtro 7607781.0000000000 -71.5250000000 -32.7750000000 11.0664205551 756.1024799170
31 178.4197158097 -18.1382195056 0 	!	 quir 7758740.0000000000 -73.0570000000 -36.6360000000 42.5625000000 651.9866278773
32 -1.6367932104 49.6612819145 0 	!	 talc 5438697.0000000000 -73.1060000000 -36.7010000000 6.9540543556 1346.4330148788
33 45.2586879692 -12.7803655298 0 	!	 viti 5646083.0000000000 178.4240000000 -18.1340000000 7.8635630608 302.2900860247
34 -2.2927333731 47.0262690812 0 	!	 cher 484086.0000000000 -1.6300000000 49.6500000000 5.5187354088 475.9370551996
35 167.8771546187 -21.5446872862 0 	!	 dzao 1876201.0000000000 45.2580000000 -12.7830000000 23.3750000000 368.7039199453
36 -140.0828220862 -8.9340205132 0 	!	 herb 4492233.0000000000 -2.2990000000 47.0260000000 69.7166671753 2128.4727023517
37 -2.8287391230 48.6513470108 0 	!	 mare 6235988.0000000000 167.8770000000 -21.5480000000 1.2044614553 619.3593176061
38 -2.8287391230 48.6513470108 0 	!	 nuku 6235988.0000000000 -140.0850000000 -8.9150000000 1.2044614553 619.3593176061
39 -149.4826510848 -23.3428501373 0 	!	 stqy 1437390.0000000000 -2.8220000000 48.6480000000 166.3630676270 685.5841546428
40 8.7117524918 53.8723726695 0 	!	 stqy2 5893989.0000000000 -2.8220000000 48.6480000000 12.0000000000 595.6270102284
41 7.8967362475 54.1752424357 0 	!	 tubua 3038818.0000000000 -149.4760000000 -23.3420000000 4.6227731705 382.7160021332
42 8.2967326245 54.7577471908 0 	!	 cuxh 7700535.0000000000 8.7170000000 53.8680000000 4.6083354950 32.9325117735
43 22.4343332696 38.4253639775 0 	!	 helg 7257554.0000000000 7.8910000000 54.1760000000 8.6603870392 1350.7957983808
44 12.6062320645 35.4903704684 0 	!	 horn 1361039.0000000000 8.2970000000 54.7580000000 30.4383563995 1089.6554715245
45 131.4146344772 31.5828001851 0 	!	 itea 870747.0000000000 22.4200000000 38.4300000000 9.1250000000 538.2168474978
46 139.9288256818 40.6529978786 0 	!	 LA23 3459161.0000000000 12.6040000000 35.5000000000 21.5832386017 347.7584336343
47 132.0602666885 34.9038188195 0 	!	 abur 2464163.0000000000 131.4100000000 31.5800000000 16.3521499634 983.9677589827
48 145.5794022114 43.2748885920 0 	!	 fuka 1175760.0000000000 139.9300000000 40.6500000000 1.6250000000 949.9419015853
49 124.1647300541 24.3261401331 0 	!	 hmda 3424737.0000000000 132.0700000000 34.9000000000 14.2417764664 643.3465376351
50 135.7609990275 33.4700238480 0 	!	 hana 4272602.0000000000 145.5700000000 43.2800000000 4.7608132362 1388.3474147748
51 144.3653656354 42.9870027679 0 	!	 ishig 3708353.0000000000 124.1600000000 24.3300000000 2.9642755985 865.1271626391
52 129.8161283551 32.7275335866 0 	!	 kusm 4689950.0000000000 135.7700000000 33.4800000000 33.2500000000 5226.1478671000
53 127.6636833792 26.2137524392 0 	!	 kush 3621786.0000000000 144.3700000000 42.9800000000 12.5160284042 755.7689351677
54 138.2254777038 34.6071587684 0 	!	 naga 3695716.0000000000 129.8700000000 32.7400000000 7.6250000000 592.5609953964
55 138.5169539387 38.3177507251 0 	!	 naha 2263237.0000000000 127.6700000000 26.2100000000 20.9261837006 364.9268388515
56 133.3489408186 36.1944956897 0 	!	 omae 4353848.0000000000 138.2200000000 34.6100000000 48.6250000000 1806.4623092266
57 132.9411606029 32.7696471106 0 	!	 sado 7311178.0000000000 138.5200000000 38.3200000000 21.0000000000 2104.1884188307
58 141.6983793245 45.4103125345 0 	!	 saig 5020318.0000000000 133.3300000000 36.2000000000 2.2716615200 655.0278675838
59 -171.7259781570 -2.7974847939 0 	!	 tosa 1504193.0000000000 132.9600000000 32.7800000000 657.3916015625 968.4551789805
60 -96.1124504837 15.7415043179 0 	!	 waka 7351158.0000000000 141.6900000000 45.4100000000 63.5000000000 1062.7727010628
61 171.4367758921 -41.8990273322 0 	!	 kant 4228530.0000000000 -171.7180000000 -2.8010000000 5.8750000000 497.9104828970
62 16.1368754388 69.3211359002 0 	!	 huat 732711.0000000000 -96.1170000000 15.7500000000 3.9540970325 545.8524182876
63 25.9766784119 70.9712030797 0 	!	 chst 7807879.0000000000 171.4340000000 -41.9030000000 32.6601638794 987.2177091226
64 5.0315590179 61.9352814377 0 	!	 ande 1662079.0000000000 16.1350000000 69.3260000000 144.8852844238 4477.0953023487
65 11.1243175479 64.8232155375 0 	!	 honn 6174982.0000000000 25.9730000000 70.9800000000 4.5009794235 6386.8120963787
66 7.6070098285 57.9920489464 0 	!	 malo 7516204.0000000000 5.1170000000 61.9330000000 24.1719856262 3434.9739812164
67 31.1194873616 70.3811964175 0 	!	 rorv 3357063.0000000000 11.2300000000 64.8590000000 30.3750000000 899.5407696212
68 125.6646215616 7.1482873484 0 	!	 treg 4580573.0000000000 7.5550000000 58.0060000000 18.2500000000 659.9313637803
69 -176.2437444802 -9.5041960978 0 	!	 vard 1509429.0000000000 31.1040000000 70.3750000000 4804.9375000000 1575.8982971877
70 -17.8940434809 27.7825808339 0 	!	 davo 6672696.0000000000 125.6630000000 7.1540000000 180.2350158691 798.4795885873
71 -13.8578436221 28.4878883190 0 	!	 dapi 2535893.0000000000 -176.2470000000 -9.5180000000 9.0361070633 568.5984121414
72 -8.3878930727 43.3715603203 0 	!	 hie2 2472105.0000000000 -17.9020000000 27.7840000000 20.7378139496 1102.2043821671
73 16.9618307893 58.4740947820 0 	!	 fue2 5569563.0000000000 -13.8580000000 28.4930000000 13.9353170395 1102.4683952308
74 18.2074867892 60.4038243434 0 	!	 coru 5211197.0000000000 -8.4000000000 43.3670000000 1.0699740648 606.9814899332
75 21.2623252980 64.9101713729 0 	!	 arko 616692.0000000000 16.9610000000 58.4840000000 5.4384603500 1612.8105983330
76 11.7633002993 57.6877300309 0 	!	 fors 7302774.0000000000 18.2110000000 60.4090000000 1.5176707506 584.4934766632
77 20.3452956845 63.6888210332 0 	!	 furu 5412924.0000000000 21.2310000000 64.9160000000 3.0644464493 802.6710045381
78 23.0985064142 65.7003670820 0 	!	 gokr 4277906.0000000000 11.7710000000 57.6910000000 16.5142173767 391.5764964972
79 14.8083544449 56.1401585966 0 	!	 holm 901379.0000000000 20.3470000000 63.6960000000 11.2643184662 1726.9527609697
80 12.8964858592 55.5238291700 0 	!	 kalit 5337820.0000000000 23.0960000000 65.6970000000 1.7863941193 256.6179761803
81 15.5710650510 56.1014683370 0 	!	 karl 589811.0000000000 14.8210000000 56.1540000000 13.6875000000 1179.4969739592
82 11.0767550756 58.9713404523 0 	!	 klag 3555306.0000000000 12.8940000000 55.5220000000 99.9076614380 4053.2062542169
83 17.8666896044 58.7689035139 0 	!	 kung 4138535.0000000000 15.5890000000 56.1050000000 9.7500000000 443.4624656461
84 17.0933711948 57.3649441706 0 	!	 kungr 6838734.0000000000 11.1270000000 58.9970000000 1.6175501347 247.2524857635
85 16.5055766819 57.2786915980 0 	!	 land 2761137.0000000000 17.8590000000 58.7690000000 8.7500000000 1707.6978976078
86 17.1041155410 58.6469888217 0 	!	 olan 5422299.0000000000 17.0970000000 57.3660000000 24.9404678345 2060.4481131040
87 20.8983346820 63.9800918824 0 	!	 oska 7396911.0000000000 16.4780000000 57.2750000000 15.3030328751 676.7870717523
88 16.6800856989 57.4136452776 0 	!	 oxel 5803694.0000000000 17.1250000000 58.6620000000 3.9632422924 473.4664661524
89 14.3617809424 55.5571431796 0 	!	 rata 2850008.0000000000 20.8950000000 63.9860000000 2.8402974606 238.3165750527
90 11.2031492184 58.3634714683 0 	!	 simp 616515.0000000000 16.6760000000 57.4100000000 19.3750000000 1363.6861637480
91 17.5399298383 62.3636565186 0 	!	 simr 6386397.0000000000 14.3580000000 55.5570000000 19.9644489288 466.3434524948
92 18.2897918230 57.6412702549 0 	!	 smog 1844700.0000000000 11.2180000000 58.3540000000 24.4862766266 427.2545616518
93 39.1778737450 -6.1536344116 0 	!	 spik 1518613.0000000000 17.5310000000 62.3630000000 18.3125000000 696.0629804284
94 -175.1979657481 -21.1320295543 0 	!	 visb 2019619.0000000000 18.2840000000 57.6390000000 17.4351329803 246.9065483737
95 26.8227717661 40.6145872318 0 	!	 zanz 5359853.0000000000 39.1830000000 -6.1500000000 11.4375000000 482616.8840815818
96 30.6157923508 36.8349220845 0 	!	 nkfa 1558431.0000000000 -175.1970000000 -21.1300000000 61.9900016785 275.9028847955
97 26.7928812464 40.6519858474 0 	!	 amas 5552718.0000000000 32.3920000000 41.7440000000 6.6250000000 171769.5306852116
98 26.8227717661 40.6145872318 0 	!	 anta 5359853.0000000000 30.6130000000 36.8360000000 11.4375000000 242058.1951913823
99 -2.0732401741 57.1531146380 0 	!	 igne 505402.0000000000 28.0240000000 41.8890000000 6.7984743118 1514.2190573788
100 -5.6616393831 54.6689190402 0 	!	 sile 5000225.0000000000 29.6040000000 41.1800000000 6.8311090469 1128.1278731956
101 1.3051960385 52.9329575226 0 	!	 abed 312403.0000000000 -2.0800000000 57.1400000000 6.4133272171 478.9966544736
102 1.3239454452 51.1070717441 0 	!	 bang 1869114.0000000000 -5.6700000000 54.6600000000 12.2500000000 426.4856321197
103 1.2925638161 51.9365286372 0 	!	 crom 86561.0000000000 1.3000000000 52.9300000000 7.7347450256 1508.2205976056
104 -2.9225949397 54.0311359511 0 	!	 dove 2539763.0000000000 1.3200000000 51.1100000000 0.4426928759 211.3700936663
105 -4.6097527869 53.3037767422 0 	!	 harw 5829270.0000000000 1.2900000000 51.9500000000 10.0625000000 970.7776931171
106 -4.1098619610 51.2098378556 0 	!	 heys 5700271.0000000000 -2.9200000000 54.0300000000 24.7561435699 20.4335924945
107 -5.0894920519 58.4524907233 0 	!	 holy2 165131.0000000000 -4.6200000000 53.3100000000 25.2417392731 2444.3546024594
108 -3.1739316632 55.9900556993 0 	!	 ilfa 7464651.0000000000 -4.1100000000 51.2100000000 1.5320167542 377.4737966903
109 -1.1567804169 60.1286624473 0 	!	 kinl 1448418.0000000000 -5.0500000000 58.4600000000 18.3824157715 3000.3353271471
110 -3.0231501087 53.4527072970 0 	!	 leit 2445305.0000000000 -3.1800000000 55.9900000000 9.8125000000 366.2430615733
111 1.7587395796 52.4720122708 0 	!	 lerw2 1155515.0000000000 -1.1450000000 60.1550000000 8.1050176620 632.8580589200
112 -5.1182026360 51.6968487199 0 	!	 live 918597.0000000000 -3.0200000000 53.4500000000 14.2173357010 4922.1638619034
113 -4.9065944997 55.7477827423 0 	!	 lowe 1630052.0000000000 1.7500000000 52.4700000000 26.7235240936 325.8963779708
114 -3.9781397149 51.5696175982 0 	!	 mhav 6541154.0000000000 -5.0500000000 51.7100000000 1.0388677120 135.4212974633
115 0.0609130962 50.7803703160 0 	!	 mill 5070857.0000000000 -4.9100000000 55.7500000000 4.1408538818 76.2690955096
116 -5.5379617339 50.0962029713 0 	!	 mumb 3730509.0000000000 -3.9800000000 51.5700000000 14.5625000000 836.8795299129
117 -2.9912602495 51.5429325712 0 	!	 nhav 4104089.0000000000 0.0600000000 50.7800000000 34.3970184326 790.6793794952
118 -1.4183093860 55.0047238481 0 	!	 newl2 6293147.0000000000 -5.5430000000 50.1030000000 5.8160104752 1502.4284479849
119 -4.1715714255 50.3540080374 0 	!	 npor 219362.0000000000 -2.9900000000 51.5500000000 2.5101847649 2207.0212365574
120 -5.1252711733 54.8403175386 0 	!	 nshi 6259336.0000000000 -1.4400000000 55.0100000000 20.5206356049 339.3689762980
121 -6.6632985445 55.2131024369 0 	!	 plym 6852697.0000000000 -4.1900000000 50.3700000000 18.2736167908 403.4852495686
122 -1.1133169514 50.7879420090 0 	!	 porp 6396697.0000000000 -5.1200000000 54.8400000000 3.9593505859 1360.9060618739
123 0.7406333462 51.4545234564 0 	!	 prus 1472329.0000000000 -6.6600000000 55.2100000000 5.5000000000 504.8963593704
124 -6.3604719699 58.1789959487 0 	!	 ptmt 7988846.0000000000 -1.1100000000 50.8000000000 32.8941230774 3857.4202808506
125 -0.6035535040 54.4906716199 0 	!	 shee 3905980.0000000000 0.7400000000 51.4500000000 19.5365409851 423.0011713429
126 -3.0722114051 58.4357903595 0 	!	 stor 2813083.0000000000 -6.3900000000 58.2100000000 11.9991159439 1136.2297034080
127 -3.5684911759 54.6538597257 0 	!	 whit 691761.0000000000 -0.6100000000 54.4900000000 2.5989212990 440.0210842924
128 -122.3041538425 37.7641848424 0 	!	 wick 7947685.0000000000 -3.0900000000 58.4400000000 4.1471281052 1023.6030005420
129 -123.7143868261 38.9150293221 0 	!	 work 2174675.0000000000 -3.5700000000 54.6500000000 25.8595542908 842.9097063163
130 -123.7713638649 46.2030167944 0 	!	 alam 1411010.0000000000 -122.2980000000 37.7720000000 5.7482118607 647.9281869089
131 -174.1780871792 52.2336673936 0 	!	 aren 4222755.0000000000 -123.7050000000 38.9130000000 27.5196056366 392.9378187946
132 -74.4196296061 39.3569774095 0 	!	 asto 2549359.0000000000 -123.7670000000 46.2080000000 5.6792736053 260.7245521151
133 -76.5631633315 39.2575093174 0 	!	 atka 7358863.0000000000 -174.1730000000 52.2320000000 3.7582061291 1656.8916763330
134 -68.1959673178 44.3906092918 0 	!	 acnj 539532.0000000000 -74.4180000000 39.3550000000 20.2526245117 734.1851798523
135 -76.6820902032 34.6911832391 0 	!	 bamd 1525978.0000000000 -76.5780000000 39.2670000000 5.8902859688 3389.5192818890
136 -70.9745577358 42.3367660977 0 	!	 bame 4458401.0000000000 -68.2050000000 44.3920000000 11.7054471970 6679.6073928023
137 -73.1853404862 41.1588092843 0 	!	 benc 23812.0000000000 -76.6700000000 34.7200000000 1.2282015085 1602.5204046372
138 -64.9195618061 18.3185973225 0 	!	 boma 2804198.0000000000 -71.0520000000 42.3550000000 17.2390880585 1824.4809165419
139 -122.7530099134 48.8636183645 0 	!	 bgct 7363508.0000000000 -73.1820000000 41.1730000000 30.2935543060 371.4465200412
140 -82.8321590658 27.9817627763 0 	!	 amal 6029802.0000000000 -64.9200000000 18.3350000000 4.8982558250 418.6930959715
141 -124.1853737001 41.7491886706 0 	!	 chrp 5363255.0000000000 -122.7580000000 48.8630000000 4.9752116203 505.6789078230
142 153.9023551307 11.8794164495 0 	!	 cwfl 1746414.0000000000 -82.8320000000 27.9780000000 5945.9375000000 5204.4502535101
143 171.8587387225 50.1533855996 0 	!	 cres 5278554.0000000000 -124.1830000000 41.7450000000 4800.3125000000 2726.3275929772
144 -75.7515179885 36.1845902610 0 	!	 dkwa 1114303.0000000000 153.9070000000 11.9260000000 9.6510314941 442.3624722626
145 -166.5657801274 53.8889308263 0 	!	 datu 2806241.0000000000 171.8970000000 50.1530000000 27.8916854858 2247.2747080010
146 -136.3484563563 58.1835427455 0 	!	 dpnc 2894742.0000000000 -75.7470000000 36.1830000000 62.8773155212 1099.1562746367
147 -122.4671956193 37.8080051257 0 	!	 dutc 1606251.0000000000 -166.5330000000 53.8830000000 6.6537547112 222.9305330721
148 144.6587146067 13.4446308941 0 	!	 elak 2360032.0000000000 -136.3430000000 58.1930000000 21.1791610718 1034.8812442243
149 -155.0577119043 19.7425192218 0 	!	 fpnt 675970.0000000000 -122.4650000000 37.8070000000 9.9910249710 1058.9185551966
150 -156.4650042191 20.9037988430 0 	!	 guam 5999052.0000000000 144.6520000000 13.4380000000 16.5286407471 971.5325123642
151 -155.8273976289 20.0332304804 0 	!	 hilo 6261079.0000000000 -155.0580000000 19.7330000000 65.1805725098 570.9621244321
152 -81.8080537591 24.5453421072 0 	!	 kahu 3563433.0000000000 -156.4720000000 20.8980000000 5.4028100967 851.5361881978
153 -117.2568815298 32.8682811727 0 	!	 kawa 1321815.0000000000 -155.8320000000 20.0360000000 60.4370002747 176.6543201659
154 -64.7588139726 17.6978226397 0 	!	 kwfl 2028241.0000000000 -81.8080000000 24.5530000000 3.4340255260 598.8063391863
155 144.8008977208 13.4260389493 0 	!	 lajo 1772281.0000000000 -117.2580000000 32.8670000000 112.8885269165 474.6185000222
156 -120.7547030435 35.1642277828 0 	!	 lime 483930.0000000000 -64.7540000000 17.6950000000 15.8012180328 447.1070635388
157 -160.5014162030 55.3323899524 0 	!	 pagb 7592894.0000000000 144.7970000000 13.4280000000 6.9134054184 513.9419171186
158 -135.3635423777 57.0352997473 0 	!	 pslu 2522686.0000000000 -120.7530000000 35.1680000000 14.1759195328 2268.5798606285
159 -124.1100373883 46.9091751035 0 	!	 sdpt 4090959.0000000000 -160.5020000000 55.3370000000 1.0540210009 130.6964112801
160 -70.6530124832 41.5200550946 0 	!	 sitk 5236672.0000000000 -135.3420000000 57.0520000000 6.4285273552 1614.3168594170
161 -139.7969333309 59.5659837337 0 	!	 wpwa 5654680.0000000000 -124.1100000000 46.9080000000 29.7821941376 4021.7329291653
162 79.8428280159 6.9473570472 0 	!	 wood 3373849.0000000000 -70.6720000000 41.5230000000 5.2983131409 1061.3002471869
163 -177.7231575833 -36.0963435118 0 	!	 yaku 4033647.0000000000 -139.7350000000 59.5480000000 5791.6250000000 5437.7680795704
164 -130.3593880383 54.2495362540 0 	!	 colo 2179653.0000000000 79.8500000000 6.9410000000 13.8125000000 7990.3302999624
165 144.2951096294 44.0238181591 0 	!	 dnze 6363809.0000000000 -177.7080000000 -36.0490000000 10.8474006653 589.2082783784
166 -89.8359054403 13.5700566675 0 	!	 prin2 4653110.0000000000 -130.3170000000 54.3170000000 9.8125000000 479.8219814730
167 -99.9008921968 16.8274080235 0 	!	 abas 1453549.0000000000 144.2900000000 44.0200000000 52.5625000000 1191.6637646356
168 -176.6252106039 51.8556593340 0 	!	 acaj 5153304.0000000000 -89.8381280000 13.5737920000 8.5572490692 940.0240551065
169 -176.6252106039 51.8556593340 0 	!	 acap2 5153304.0000000000 -99.9030000000 16.8379333000 8.5572490692 940.0240551065
170 8.7646864286 41.9220096106 0 	!	 adak 3168545.0000000000 -176.6320000000 51.8630000000 247.7500000000 447.5207014301
171 -0.4876580385 38.3348542059 0 	!	 adak2 2564587.0000000000 -176.6320000000 51.8630000000 5.7976541519 707.2844120005
172 -154.2365187204 56.8901102011 0 	!	 ajac 4060638.0000000000 8.7600000000 41.9200000000 31.1489257812 1081.6383218311
173 -2.4812656101 36.8336533220 0 	!	 alac2 2393439.0000000000 -0.4813889000 38.3388889000 19.5478057861 480.1631966132
174 13.5153330988 43.6279679117 0 	!	 alak2 5367675.0000000000 -154.2481000000 56.8975000000 11.4375000000 793.8999438917
175 -149.8876248957 61.2440519961 0 	!	 alme 5409164.0000000000 -2.4783500000 36.8300200000 2.7466011047 673.2504073607
176 -70.4080147714 -23.6590600305 0 	!	 AN15 3647509.0000000000 13.5065166667 43.6247666667 8.3354864120 639.8958824252
177 -84.9821603723 29.7206160855 0 	!	 anch2 2235490.0000000000 -149.8880000000 61.2380000000 0.8001384139 710.0278086209
178 -91.3368153716 29.4422231218 0 	!	 anto2 5539892.0000000000 -70.4046243600 -23.6542151700 1.4548978806 829.6496148840
179 -66.6973101808 18.4806603417 0 	!	 apfl 761601.0000000000 -84.9820000000 29.7270000000 3.6856966019 537.0720774906
180 -1.1598560115 44.6662678048 0 	!	 apla 6353240.0000000000 -91.3381000000 29.4496000000 5.1250000000 324.3717305672
181 -70.3254141193 -18.4745298005 0 	!	 aracS 3711610.0000000000 -66.7024000000 18.4805000000 20.3750000000 270.1549504348
182 35.8904504389 36.4162996080 0 	!	 arca 1806225.0000000000 -1.1635500000 44.6650000000 3.0192186832 477.2807471025
183 -4.5367071307 48.0095994481 0 	!	 aric2 4380809.0000000000 -70.3232305000 -18.4758000000 13.9314556122 1334.9039823676
184 12.6402874551 41.4502643060 0 	!	 arsu 3705908.0000000000 35.8851900000 36.4155900000 3.8919711113 593.9887672596
185 16.8659033898 41.1398747563 0 	!	 audi 7577124.0000000000 -4.5372000000 48.0216000000 12.5553131104 38.3590131804
186 2.1587858536 41.3423755697 0 	!	 AZ42 5228783.0000000000 12.6347972222 41.4468583333 0.0738239288 581.1270041882
187 115.2153026214 -8.7721132188 0 	!	 BA05 729644.0000000000 16.8660333333 41.1402055556 1.9296188354 629.4030659725
188 -3.0387370621 43.3558389094 0 	!	 barc 7590816.0000000000 2.1657000000 41.3417700000 22.4375000000 704.7970481424
189 57.7096241679 -20.4445886210 0 	!	 beno 7515349.0000000000 115.2166000000 -8.7666000000 60.0630378723 147.1243673831
190 -6.3627920464 36.7933352835 0 	!	 bil3 2707797.0000000000 -3.0451300000 43.3515300000 0.0071641952 2407.4508165801
191 6.7466550648 53.5535012800 0 	!	 blueb 3826596.0000000000 57.7109500000 -20.4441333300 0.3199842870 481.2901458080
192 1.5748523359 50.7247032193 0 	!	 bon2 6313205.0000000000 -6.3381300000 36.8022100000 10.3730659485 361.1161287620
193 32.9369941919 36.0936529063 0 	!	 djve 2570132.0000000000 117.9420000000 -15.0230000000 4.1900415421 570.8476530369
194 -4.5316401552 48.3522190413 0 	!	 bork 6699292.0000000000 6.7494440000 53.5575000000 15.1626157761 3873.7546571236
195 -158.1237725121 21.3235046110 0 	!	 darw 637971.0000000000 130.8460000000 -12.4720000000 5.2982568741 500.5530086904
196 -74.0249332800 40.6903787121 0 	!	 boul 2670075.0000000000 1.5774600000 50.7275000000 11.4181261063 1147.8390393558
197 -69.0170364227 12.1828108977 0 	!	 bozy 1766983.0000000000 32.9413108826 36.0974197388 319.7428894043 575.3747197898
198 9.1087220347 39.2127499654 0 	!	 bres 4139790.0000000000 -4.5000000000 48.3800000000 0.4620403349 556.3913506257
199 -77.1693970237 -12.0676798295 0 	!	 brpt 2532723.0000000000 -158.1193000000 21.3218000000 3.4116806984 318.2692070300
200 -1.8986950613 36.9728897287 0 	!	 btny2 1347246.0000000000 -74.0200000000 40.7000000000 23.0625000000 175.8166776060
201 -9.4178027727 38.6946366374 0 	!	 bull 6609833.0000000000 -69.0196139000 12.1873306000 3.0791428089 266.6436412624
202 -76.1540288190 38.6323421129 0 	!	 CA02 5493512.0000000000 9.1142000000 39.2101000000 3.6075849533 9929.6880074860
203 9.3461615396 42.9721760989 0 	!	 call 2129229.0000000000 -77.1668000000 -12.0690000000 28.1875000000 669.8987481569
204 15.9107910148 39.5237600134 0 	!	 carb 6054437.0000000000 -1.8995900000 36.9743000000 17.6333637238 871.3601809841
205 8.3103070952 39.1319734739 0 	!	 casc 7788261.0000000000 -9.4153840000 38.6931580000 7.5000000000 1306.7494000191
206 142.1828224922 27.0918919659 0 	!	 cbmd 4434508.0000000000 -76.0683000000 38.5733000000 47.8750000000 741.0286086546
207 105.6620408866 -10.4346310234 0 	!	 cent 2625736.0000000000 9.3501460000 42.9669040000 21.7213897705 984.1265517605
208 91.7660432351 22.3211183708 0 	!	 CETR 6788862.0000000000 15.9201710000 39.5267700000 6.4375000000 6213.6459573472
209 151.9018153642 7.4575872094 0 	!	 CF06 2621946.0000000000 8.3081000000 39.1436000000 30.4375000000 586.2467605507
210 11.7839751101 42.0867953176 0 	!	 chij 5753688.0000000000 142.1900000000 27.0900000000 26.5625000000 923.8299957056
211 109.0143153795 -7.7568138482 0 	!	 chrs 5547147.0000000000 105.6693000000 -10.4294000000 2.8208291531 1749.7882983339
212 -74.9638192027 38.9745697873 0 	!	 chtt 1611651.0000000000 91.8250000000 22.3333000000 7.3296942711 771.3981795951
213 96.8920093408 -12.1154068145 0 	!	 chuu 7947799.0000000000 151.8982417000 7.4536833000 129.9026184082 144.2861809281
214 76.2378472047 9.9529258265 0 	!	 CI20 2322966.0000000000 11.7896472222 42.0939583333 0.0877617002 2550.5113880060
215 -3.9262861277 47.8643766834 0 	!	 cili 6683904.0000000000 109.0000000000 -7.7500000000 5.1307897568 1750.3097783240
216 -145.7463600630 60.5616406810 0 	!	 cmnj 53554.0000000000 -74.9600000000 38.9683000000 9.7443504333 543.6716949295
217 -93.3301234839 29.7656808139 0 	!	 cocb 6951638.0000000000 96.8919000000 -12.1167000000 2.4976818562 1264.6413015927
218 17.1345600408 39.0862935975 0 	!	 coch 2234985.0000000000 76.2600000000 9.9600000000 16.3991432190 370.6771774746
219 15.1000467015 37.5016465882 0 	!	 conc 1048159.0000000000 -3.9073800000 47.8737000000 13.6984624863 684.1704354120
220 -67.2059109197 44.6441023001 0 	!	 cord 1793331.0000000000 -145.7530000000 60.5580000000 33.0689849854 1434.0869554630
221 -17.4211708617 14.6729556229 0 	!	 cpla 5622048.0000000000 -93.3429000000 29.7682000000 11.5000000000 361.1896553047
222 -170.0196105071 49.6864711473 0 	!	 CR08 4114820.0000000000 17.1370555556 39.0835805556 5367.1875000000 10971.9590934515
223 158.1926199030 6.9839187875 0 	!	 CT03 5649427.0000000000 15.0938000000 37.4980000000 18.5000000000 904.3052293296
224 6.9355572027 53.3344503497 0 	!	 cwme 2305884.0000000000 -67.2100000000 44.6566670000 3.2500000000 888.4370168817
225 4.7329256733 52.9678576383 0 	!	 dakar 7657751.0000000000 -17.4200000000 14.6760000000 20.0625000000 842.9462247978
226 1.0904413859 49.9338186528 0 	!	 dchu 3995940.0000000000 -169.8717000000 49.6625000000 2.4456820488 576.1824814206
227 1.0904413859 49.9338186528 0 	!	 deke 3995940.0000000000 158.2001000000 6.9806000000 2.4456820488 576.1824814206
228 -148.6562467465 55.3185592474 0 	!	 delf 3689224.0000000000 6.9329699417 53.3266112653 4231.6875000000 6790.1350599041
229 -129.6155351447 48.8029097769 0 	!	 denh 733131.0000000000 4.7434234427 52.9636753352 2802.3125000000 1194.4413614625
230 -156.8112295436 52.5720746262 0 	!	 diep 5209119.0000000000 1.0850000000 49.9300000000 4574.1616210938 10384.5403745297
231 2.3626766020 51.0533716043 0 	!	 diep2 4823910.0000000000 1.0850000000 49.9300000000 4.4496331215 651.0937727974
232 -109.4400158943 -27.1482851683 0 	!	 dkod 7456839.0000000000 -148.5500000000 55.3100000000 181.7057189941 732.3055427407
233 -78.9452843848 9.5539484001 0 	!	 dsea 4602595.0000000000 -129.6219000000 48.8128000000 1.1875000000 642.9508659133
234 -66.9811273765 44.9063198573 0 	!	 dshu 2708285.0000000000 -156.7783000000 52.6633000000 41.4092063904 453.6297918528
235 34.2679046261 36.5553162170 0 	!	 dunk 6328078.0000000000 2.3666980000 51.0480900000 33.6250000000 1457.7407574865
236 121.9029699493 -33.8743764002 0 	!	 east2 3350302.0000000000 -109.4394260000 -27.1548500000 7.0175619125 798.6604225950
237 3.2596581159 51.9740104783 0 	!	 elpo 4451229.0000000000 -78.9491800000 9.5582700000 31.2617187500 2827.9525151039
238 -65.6303524977 18.3412923946 0 	!	 epme 3826976.0000000000 -66.9850000000 44.9033000000 2.8837687969 858.9862969795
239 -81.4308855819 30.6620455722 0 	!	 erdem 4136524.0000000000 34.2553871900 36.5637289200 4.1590843201 3445.4722652102
240 147.0537970138 -19.2780185390 0 	!	 espe 6020377.0000000000 121.8954000000 -33.8709000000 4.8605027199 489.6923615820
241 6.9403527521 43.4853168462 0 	!	 euro 1919593.0000000000 3.2746870029 51.9976988652 50.1875000000 567.1865239878
242 -82.0105044999 26.5190307700 0 	!	 faja 89435.0000000000 -65.6311000000 18.3336000000 1.3324137926 20181.4260163157
243 179.1962435871 -8.5040506276 0 	!	 fbfl 4075479.0000000000 -81.4650000000 30.6720000000 81.6250000000 169.7023413510
244 -38.4653119860 -3.7180175302 0 	!	 ferg 6844080.0000000000 147.0584000000 -19.2773000000 2.8570351601 215.1360599003
245 -80.8973886385 32.0450387315 0 	!	 figu 79855.0000000000 6.9337670000 43.4835320000 0.6289732456 1407.4452268001
246 -166.2780024372 23.8694401703 0 	!	 fmfl 1154704.0000000000 -81.8700000000 26.6500000000 11.9375000000 576.0801832794
247 -61.0680122522 14.5951422879 0 	!	 fong 3441126.0000000000 179.1949000000 -8.5033000000 24.8539657593 883.1170481601
248 13.5921015347 41.2079052971 0 	!	 fort 4154315.0000000000 -38.4667000000 -3.7166666670 14.1886949539 304.9192890158
249 -134.9695149005 -23.1171468148 0 	!	 fpga 586565.0000000000 -80.9020000000 32.0330000000 36.4375000000 94.7302809277
250 -0.1506349139 38.9905937739 0 	!	 fren 6635448.0000000000 -166.2830000000 23.8670000000 7.6529965401 517.4324332510
251 73.1513285759 -0.6878277119 0 	!	 ftfr 5715684.0000000000 -61.0633330000 14.6016670000 6.2873620987 77.7834401118
252 72.3903562623 -7.2903554803 0 	!	 GA37 5651429.0000000000 13.5897361111 41.2099916667 8.5818347931 388.1087076029
253 8.9254340970 44.3936672510 0 	!	 gamb 4279464.0000000000 -134.9688880000 -23.1177740000 28.5629367828 1827.2458202500
254 15.1911541557 38.7837594347 0 	!	 gand 7586753.0000000000 -0.1513900000 38.9952100000 266.5270385742 186.0016063889
255 -5.3597331542 36.1426882950 0 	!	 ganm 1058470.0000000000 73.1520278000 -0.6878056000 142.2500000000 764.5902284626
256 -5.6987073580 43.5539270533 0 	!	 garc 1613234.0000000000 72.3938750000 -7.2903361000 3.0462696552 457.1347876286
257 -89.9533776971 29.2679813885 0 	!	 GE25 1855457.0000000000 8.9255000000 44.4101000000 4.6682672501 612.2315045579
258 25.8904606433 40.2313018302 0 	!	 GI20 2590366.0000000000 15.1932720000 38.7840290000 45.1913909912 267.5395324959
259 -94.7802075470 29.2949583023 0 	!	 gibr3 1516009.0000000000 -5.3650130000 36.1480830000 3.1479876041 2082.3483279869
260 140.7253761330 41.7778787200 0 	!	 gij2 5026940.0000000000 -5.6983500000 43.5580300000 1.1804004908 504.3480201403
261 73.1660904139 6.7655201415 0 	!	 gila 810529.0000000000 -89.9567000000 29.2633000000 5.8750000000 147.4540016049
262 5.4099454172 53.1682190498 0 	!	 gokc 1550143.0000000000 25.8936100006 40.2313919067 1.2163882256 819.5990291829
263 115.7353639052 -31.8253949335 0 	!	 gptx 3429379.0000000000 -94.7930000000 29.3100000000 5.8750000000 305.9619953113
264 -139.0397616399 -9.8071541006 0 	!	 hako 4115850.0000000000 140.7200000000 41.7800000000 39.2241783142 633.1395698027
265 4.1097715780 51.9912281543 0 	!	 hani 6745005.0000000000 73.1667000000 6.7667000000 6.6250000000 1668.3148432858
266 -1.1725125780 46.0061428457 0 	!	 harl 1624779.0000000000 5.4109729078 53.1755641043 3.8059272766 193.2364380287
267 25.7415890843 35.0082519721 0 	!	 hill 7961257.0000000000 115.7386000000 -31.8255000000 40.5000000000 572.9590706968
268 15.5102039021 42.1104020109 0 	!	 hiva 5079628.0000000000 -139.0344690000 -9.8048690000 39.4375000000 1181.6895913504
269 168.6188488531 -43.9771310958 0 	!	 hoek 971058.0000000000 4.1194910666 51.9774704941 9.2500000000 479.4360064510
270 -2.1273226658 49.1807511594 0 	!	 iaix 5625059.0000000000 -1.1742400000 46.0074000000 2.1875000000 538.7682408886
271 -169.5207862399 16.7381342616 0 	!	 iera 2450573.0000000000 25.7385292053 35.0037498474 21.1250000000 284.4580877098
272 -78.8286712571 -33.6238672865 0 	!	 IT45 751279.0000000000 15.5015666667 42.1188805556 53.6505279541 1355.6213642522
273 22.1149910065 37.0236567404 0 	!	 jack 2930332.0000000000 168.6161000000 -43.9733000000 74.4375000000 515.2222953424
274 154.8114762874 1.0760847298 0 	!	 jers 4664680.0000000000 -2.1200000000 49.1800000000 12.6875000000 571.8496128912
275 66.9888362724 24.8044571319 0 	!	 john 6235834.0000000000 -169.5233000000 16.7390000000 2.4490056038 1612.1294246963
276 21.3172988100 37.6380903564 0 	!	 juan 3864273.0000000000 -78.8298810000 -33.6360170000 5.3129320145 312.8078869525
277 70.2272368453 -49.3530109300 0 	!	 kala 6736165.0000000000 22.1098330000 37.0215330000 1.4317684174 1033.5803337069
278 70.2272368453 -49.3530109300 0 	!	 kapi 6736165.0000000000 154.8066861000 1.0779583000 1.4317684174 1033.5803337069
279 10.2716558817 54.4963953956 0 	!	 kara 828365.0000000000 66.9750000000 24.8117000000 17.6371631622 419.5570741249
280 -152.4706092341 57.7386888008 0 	!	 kata 5264577.0000000000 21.3192330000 37.6404500000 5.3904871941 2576.9069895663
281 167.7363014034 8.7340199463 0 	!	 kerg 6491959.0000000000 70.2200000000 -49.3450000000 115.3072586060 370.2130946064
282 9.8728079211 44.0736626496 0 	!	 kerg2 4285948.0000000000 70.2200000000 -49.3450000000 9.7178001404 2824.9963696308
283 -80.9087579862 -2.2161801204 0 	!	 kiel 4702561.0000000000 10.2747220000 54.4997220000 2.5000000000 311.7786142843
284 -64.7354126782 18.3144413332 0 	!	 kodi2 5852004.0000000000 -152.5120000000 57.7317000000 21.3733615875 1255.2477315743
285 40.9021156415 -2.2996614846 0 	!	 kwaj 1519141.0000000000 167.7383000000 8.7367000000 2.2602035999 3672.6798910187
286 -1.2270811215 46.1586469930 0 	!	 LA38 7436322.0000000000 9.8576000000 44.0966000000 8.7054433823 495.5998308606
287 -4.7830325595 48.3585024205 0 	!	 lali 904953.0000000000 -80.9064000000 -2.2177000000 6.9141778946 279.1635347593
288 -2.8962514309 47.5370159448 0 	!	 lame2 7740954.0000000000 -64.7242000000 18.3182000000 5.0339612961 637.4229298715
289 123.7571330567 13.1501063446 0 	!	 lamu 5254480.0000000000 40.9000000000 -2.2667000000 27.4597396851 445.7293625950
290 0.0995875119 49.4769693519 0 	!	 larp 2441222.0000000000 -1.2206500000 46.1585000000 3.8750000000 717.3191628409
291 116.0536557544 -8.7174274603 0 	!	 leco 6167236.0000000000 -4.7800000000 48.3600000000 44.4823760986 2534.2949753347
292 -1.7883250121 46.4911560633 0 	!	 lecy 1396634.0000000000 -2.8951500000 47.5427000000 14.1248970032 817.7999395041
293 177.4362298556 -17.5997142222 0 	!	 lega 4662867.0000000000 123.7581170000 13.1462140000 16.8750000000 616.9653002581
294 10.2980665744 43.5400083670 0 	!	 leha 94165.0000000000 0.1059900000 49.4819000000 8.1286773682 705.5456635614
295 -67.0419370977 17.9661991011 0 	!	 lemba 6327720.0000000000 116.0722500000 -8.7309055560 12.5358133316 641.0757399309
296 37.8612844322 -46.8712869849 0 	!	 leso 5383862.0000000000 -1.7937300000 46.4975000000 271.5000000000 655.4712403946
297 -4.4213390680 36.7103204416 0 	!	 levu 5310800.0000000000 177.4383000000 -17.6049000000 2.4739637375 414.7435502944
298 134.4392369942 7.3115232305 0 	!	 LI11 2858307.0000000000 10.2993388889 43.5462861111 80.6838150024 2213.7319356976
299 73.5297900220 4.1864462701 0 	!	 magi 7354473.0000000000 -67.0464000000 17.9701000000 0.0555815771 522.4531188643
300 120.9694053899 14.5828192299 0 	!	 mais 7228967.0000000000 37.8667000000 -46.8667000000 1.9166001081 246.0010898604
301 5.3534771665 43.2921477656 0 	!	 mal3 3704710.0000000000 -4.4170900000 36.7118400000 33.1875000000 221.1737610012
302 171.3687597358 7.1096714521 0 	!	 mala 2048984.0000000000 134.4502000000 7.3282000000 93.2490768433 572.7418552456
303 -72.1090394498 -16.9947479946 0 	!	 Male2 3768446.0000000000 73.5251889000 4.1874556000 91.2500000000 684.5455068501
304 -67.1618632424 18.2134721211 0 	!	 mani 100013.0000000000 120.9716000000 14.5822000000 11.4097890854 561.5722807211
305 10.2404865189 42.7421780057 0 	!	 mars 4217218.0000000000 5.3558000000 43.2911000000 1.2858234644 182.9795634559
306 15.5733298592 38.2027289350 0 	!	 marsh 2337428.0000000000 171.3725000000 7.1061000000 122.3750000000 1117.5256267532
307 26.7044410535 38.4296665463 0 	!	 mata 1053834.0000000000 -72.1088000000 -17.0009000000 2.8440084457 1085.3528930942
308 139.8236377764 34.9179368739 0 	!	 maya 4217718.0000000000 -67.1588000000 18.2176000000 12.2500000000 623.7958775911
309 -177.3567057817 28.2019898220 0 	!	 MC41 4348048.0000000000 10.2383333333 42.7426333333 6.8132867813 561.3829226914
310 153.9804597379 24.2811348463 0 	!	 ME13 2953513.0000000000 15.5635000000 38.1963000000 520.8125000000 248.8938775573
311 -104.3076238648 19.0741685894 0 	!	 ment 4544469.0000000000 26.7166423798 38.4276885986 10.6701078415 1687.7347668159
312 -67.9446630950 18.0895111277 0 	!	 mera 3047585.0000000000 139.8300000000 34.9200000000 152.0521697998 674.7641180039
313 7.4178069244 43.7320119660 0 	!	 midx 1144989.0000000000 -177.3560000000 28.2070000000 26.3067455292 479.5860690618
314 -71.9586247477 41.0461359337 0 	!	 mins 7464026.0000000000 153.9783000000 24.2822000000 16.3413925171 266.8425511483
315 -3.5245706079 36.7169981242 0 	!	 mnza 3344313.0000000000 -104.3005333000 19.0605500000 32.8125000000 370.7158766414
316 28.4253791293 36.8270015847 0 	!	 mona2 2574880.0000000000 -67.9383000000 18.0900000000 45.7500000000 3808.7506478737
317 14.2606596773 40.8364930488 0 	!	 monc 5365865.0000000000 7.4215800000 43.7286700000 30.2500000000 802.0889235732
318 -61.6638045751 56.5558599773 0 	!	 mony 2823040.0000000000 -71.9600000000 41.0483000000 76.8125000000 1187.3384045486
319 166.9052938089 -0.5330248709 0 	!	 motr 5048830.0000000000 -3.5236000000 36.7202400000 579.5878906250 451.9816729333
320 -159.3550030865 21.9363097862 0 	!	 mrms 3549905.0000000000 28.3848457336 36.8379898071 16.1985683441 2357.6636518529
321 -165.4392486313 64.4989997596 0 	!	 NA23 4940058.0000000000 14.2692000000 40.8397000000 8.8026065826 456.5023102074
322 -51.7490000195 64.1653324468 0 	!	 nain 3782893.0000000000 -61.6800000000 56.5500000000 81.5472412109 1562.1365999601
323 166.3883138752 -22.2495373125 0 	!	 nauu 3253493.0000000000 166.9092000000 -0.5319000000 8.1392526627 2418.6881795803
324 141.7458502071 39.0102398552 0 	!	 nawi 2304623.0000000000 -159.3600000000 21.9570000000 14.5006265640 1142.9657897303
325 14.4112896752 42.3542489736 0 	!	 nome 5796492.0000000000 -165.4300000000 64.5000000000 9.5625000000 346.1618099975
326 18.4958239242 40.1488161610 0 	!	 nuk1 493290.0000000000 -51.7198130000 64.1713012000 5.4750699997 283.8064299499
327 -0.2411347787 49.2906141209 0 	!	 numb2 3083959.0000000000 166.4116000000 -22.2466000000 6.8691725731 1376.2053013190
328 13.3746074330 38.1189088089 0 	!	 ofun 6631051.0000000000 141.7500000000 39.0200000000 14.5113191605 400.5568569878
329 -134.6282234910 56.2513733996 0 	!	 OR24 5104432.0000000000 14.4148611111 42.3559000000 71.6500930786 1254.1691392664
330 -134.6282234910 56.2513733996 0 	!	 OT15 5104432.0000000000 18.4969000000 40.1464000000 71.6500930786 1254.1691392664
331 -170.6792203084 -14.2942880245 0 	!	 ouis 7847410.0000000000 -0.2490300000 49.2793600000 15.4965467453 2323.4834960326
332 2.6436672612 39.5645000368 0 	!	 PA07 6708286.0000000000 13.3713000000 38.1214000000 7.6565542221 717.8347697687
333 -22.9805116871 16.7545769751 0 	!	 paak 1260490.0000000000 -134.6467000000 56.2467000000 95.5016860962 300.5872048717
334 -149.5740857736 -17.5339621778 0 	!	 paak2 711743.0000000000 -134.6467000000 56.2467000000 9.4163970947 202.1763763846
335 -25.6804083562 37.7311577720 0 	!	 pago 554099.0000000000 -170.6907000000 -14.2766000000 46.3189468384 133.6535333689
336 13.5340204267 37.2873317515 0 	!	 palm 5516398.0000000000 2.6374800000 39.5601500000 8.4375000000 658.8445242888
337 23.6253469929 37.9298234483 0 	!	 palm1 3846324.0000000000 -22.9833000000 16.7550000000 37.0688934326 655.1531688122
338 -158.0568823326 -9.0000034269 0 	!	 pape2 2082734.0000000000 -149.5731650000 -17.5323700000 1088.4375000000 655.4668252740
339 15.2687898322 40.0236832811 0 	!	 pdas 7417329.0000000000 -25.6800000000 37.7300000000 79.1250000000 886.5918706927
340 -57.5420473258 -38.0038217178 0 	!	 PE09 4482319.0000000000 13.5268400000 37.2857600000 8.4375000000 512.5842705476
341 -162.0909762547 5.8976798661 0 	!	 peir 4426249.0000000000 23.6212170000 37.9347330000 65.3279876709 860.7619814956
342 -72.9596549661 -41.4796743938 0 	!	 penr 7763011.0000000000 -158.0510000000 -9.0010000000 35.4619026184 593.0369342266
343 -87.1902327970 30.3224365925 0 	!	 PL14 5288830.0000000000 15.2752916667 40.0299111111 13.6311588287 9198.4579205828
344 12.9671484840 40.8904859254 0 	!	 plat2 6092756.0000000000 -57.5385055600 -38.0001527800 28.3750000000 537.9284769174
345 141.6146571204 -38.3391315371 0 	!	 plmy 4487245.0000000000 -162.0900000000 5.8900000000 15.8750000000 491.3496236710
346 -1.0670360888 45.5645330899 0 	!	 pmon2 3478175.0000000000 -72.9608580000 -41.4849310000 0.8321861625 612.8851728214
347 -61.7742754764 11.9934010365 0 	!	 pnfl 3542589.0000000000 -87.2120000000 30.4030000000 5.1014375687 1683.3463363431
348 -148.5001733566 70.3847526038 0 	!	 PO40 1813374.0000000000 12.9655888889 40.8951777778 1.0000000000 514.7028870551
349 -89.3996890849 28.9303021925 0 	!	 porl 2871571.0000000000 141.6132000000 -38.3434000000 8.6243181229 699.7689770298
350 8.4021034071 40.8421428440 0 	!	 port 7581632.0000000000 -1.0615700000 45.5685000000 0.6133711338 151.2638828500
351 92.7600390378 11.6806105068 0 	!	 pric 6358321.0000000000 -61.7648280000 12.0053920000 7.4588856697 68.0182230806
352 3.0595895631 43.0037161651 0 	!	 prud 1946015.0000000000 -148.5100000000 70.3880000000 2.9586145878 1919.9939620681
353 -70.2141673714 43.6333568207 0 	!	 psla 7242782.0000000000 -89.4067000000 28.9317000000 6.0844111443 3672.8850622680
354 -70.6897008472 19.8012548688 0 	!	 PT17 6044231.0000000000 8.4039000000 40.8422000000 12.9884643555 1316.6507647906
355 3.1087026730 42.5246517842 0 	!	 ptbl 393316.0000000000 92.7600000000 11.6800000000 5.6503152847 518.4860097039
356 -46.0397401937 60.7145207911 0 	!	 ptln 5245239.0000000000 3.0372000000 43.0092000000 71.5167617798 428.6052287845
357 114.1653500547 22.3017886466 0 	!	 ptme 197029.0000000000 -70.2466000000 43.6566000000 9.6875000000 5077.3453418653
358 -84.1706314250 9.4225807945 0 	!	 ptpl 1449588.0000000000 -70.7020110000 19.7987940000 8.9194211960 328.0325356367
359 12.2854436565 44.4996562146 0 	!	 ptve 5398264.0000000000 3.1073300000 42.5201000000 2.2330269814 866.1365975563
360 -159.7869891607 -21.1978472529 0 	!	 qaqo 6662876.0000000000 -46.0350000000 60.7176000000 257.2575378418 477.8393123248
361 15.6478689299 38.1162141507 0 	!	 quar 5780797.0000000000 114.2133333000 22.2911111000 225.1410369873 618.9843925014
362 -3.9687209769 48.7173694167 0 	!	 quepo 3280143.0000000000 -84.1702000000 9.4255000000 9.1875000000 270.1687172593
363 -61.3996110294 15.3120806675 0 	!	 RA10 7151848.0000000000 12.2829361111 44.4920750000 449.6423339844 1135.5188828569
364 14.7558336547 40.6744989208 0 	!	 raro 1161944.0000000000 -159.7830000000 -21.2000000000 13.8125000000 483.9343200730
365 95.3514386709 5.8141325193 0 	!	 RC09 3978659.0000000000 15.6489166667 38.1217194444 17.7508163452 2927.2289219406
366 -0.2079248628 39.6378701917 0 	!	 rosc 2943615.0000000000 -3.9655555556 48.7186111111 6.7498664856 462.3304558427
367 -2.2024688390 47.2651105400 0 	!	 rose 1056260.0000000000 -61.3891833000 15.3138500000 6.5026369095 598.0257089773
368 145.7381663254 15.2273637862 0 	!	 SA16 166276.0000000000 14.7508388889 40.6766416667 5.9217000008 378.0658327609
369 54.0104628579 16.9321281310 0 	!	 saba 7218987.0000000000 95.3333000000 5.8333000000 16.5051193237 512.0470117147
370 -38.5234263340 -12.9675760106 0 	!	 sagu 6686466.0000000000 -0.2062400000 39.6339200000 15.1875000000 732.9342952321
371 -3.7834056785 43.4767249722 0 	!	 sain 4746518.0000000000 -2.2000000000 47.2600000000 0.7249591351 1814.9564228035
372 -81.7035182710 12.5655082081 0 	!	 saip 5883933.0000000000 145.7416000000 15.2266000000 6.6875000000 494.2622551381
373 -80.1054846019 -26.2871860612 0 	!	 sala 6331204.0000000000 54.0067000000 16.9350000000 61.2500000000 637.1546984147
374 -66.1178299779 18.4678886324 0 	!	 salv 3318806.0000000000 -38.5166670000 -12.9673330000 18.1606159210 698.3885634386
375 13.0812163962 37.5028187360 0 	!	 san2 4647869.0000000000 -3.7907600000 43.4613000000 16.1250000000 461.6000019312
376 -1.6797306389 43.4006616619 0 	!	 sana 1546238.0000000000 -81.7014920000 12.5694890000 26.2402801514 626.1997822695
377 3.7001756281 43.3992410856 0 	!	 sanf3 5713192.0000000000 -80.1085480000 -26.2922150000 8.4375000000 201.7711301630
378 -149.4269221322 60.1218194612 0 	!	 sanj 2479279.0000000000 -66.1167000000 18.4617000000 60.5989151001 313.5394538546
379 19.0038243002 63.1867104577 0 	!	 SC43 6845393.0000000000 13.0764555556 37.5045416667 2.0703768730 610.0685337831
380 17.6241128611 42.7940642379 0 	!	 scoa 6656210.0000000000 -1.6816200000 43.3952000000 76.2500000000 355.8445202116
381 9.4004614435 41.8437423522 0 	!	 sete 4927459.0000000000 3.6991100000 43.3976000000 6.2611322403 2378.7002423080
382 159.9554282479 -9.4286769869 0 	!	 sewa 4767821.0000000000 -149.4270000000 60.1190000000 46.6694107056 26.0170079971
383 16.5661122264 43.1411635788 0 	!	 skagk 6256198.0000000000 19.0125000000 63.1905560000 83.2500000000 4501.6235852661
384 -5.7138622591 -15.9162938894 0 	!	 sobr 174549.0000000000 17.6200000000 42.7930000000 545.1250000000 189.3325985275
385 18.1981705090 59.0619583322 0 	!	 sole 3286958.0000000000 9.3738000000 41.8358000000 21.7273254395 29898.1130581568
386 -2.0338932774 48.6501473749 0 	!	 solo 5780884.0000000000 159.9555000000 -9.4289000000 2.4375000000 1044.3976319305
387 120.2821573183 14.8153418808 0 	!	 stari 1578685.0000000000 16.5760000000 43.1810000000 21.0625000000 194.6650415441
388 39.5590956210 -69.0013369443 0 	!	 sthl2 4578520.0000000000 -5.7143940000 -15.9179180000 6.0625000000 843.4693922442
389 24.9449362929 37.4424408399 0 	!	 sthm 2772354.0000000000 18.0819440000 59.3241670000 16.8125000000 598.7926489502
390 -81.2888988603 -4.5780325392 0 	!	 stma 3687580.0000000000 -2.0280000000 48.6416000000 9.9646940231 1003.3105827698
391 172.9324647062 1.3654301669 0 	!	 subi 6717922.0000000000 120.2833000000 14.8167000000 34.3269348145 425.7068791268
392 17.2221241053 40.4786527238 0 	!	 syow 2253609.0000000000 39.5702780000 -69.0077780000 1.3862308264 312.1562534675
393 1.2119603955 41.0859093481 0 	!	 syro 6360383.0000000000 24.9411000000 37.4380000000 6.0970773697 779.1539657806
394 33.8382612025 36.2832662225 0 	!	 tala 1751283.0000000000 -81.2798500000 -4.5778000000 1.5211489201 270.9412193962
395 5.3325259147 53.4263172548 0 	!	 tara 3561980.0000000000 172.9300000000 1.3625000000 4.6070156097 169.6752762909
396 -1.7453592924 4.8832854113 0 	!	 tara1 2484725.0000000000 17.2214000000 40.4759000000 6.5805907249 136.1903528923
397 5.9303256084 43.1036268574 0 	!	 tarr 3058718.0000000000 1.2132500000 41.0789700000 6.0719933510 2061.3038021351
398 137.2183839123 36.7642022665 0 	!	 tasu 2064085.0000000000 33.8362274170 36.2814636230 80.1875000000 488.9451142655
399 13.7622772133 45.6558110954 0 	!	 ters 3146794.0000000000 5.3328043352 53.4278341365 5.1567492485 505.0982480858
400 -3.4412981192 47.6445980002 0 	!	 tkdi 2850701.0000000000 -1.7449720000 4.8821230000 11.2152090073 438.1019211838
401 -146.3684351990 61.1222397778 0 	!	 toul 5877481.0000000000 5.9130600000 43.1172200000 231.1309814453 462.1831293338
402 -0.3137219831 39.4424291960 0 	!	 toya 6120954.0000000000 137.2200000000 36.7600000000 7.9332408905 214.3445708348
403 -71.6345193734 -33.0238156755 0 	!	 TR22 3723742.0000000000 13.7561000000 45.6544000000 54.1248970032 753.5101481967
404 168.2859337054 -17.7582355899 0 	!	 tudy 3936914.0000000000 -3.4470570000 47.6439130000 32.1441841125 2327.9963089595
405 12.4287192455 45.4198972088 0 	!	 vald2 2277523.0000000000 -146.3620000000 61.1250000000 4.4559774399 253.1253319663
406 -64.2608304649 -65.2573625810 0 	!	 vale 4933408.0000000000 -0.3112800000 39.4420300000 139.6250000000 923.2578478095
407 16.1762410720 41.8862960086 0 	!	 valp2 7036891.0000000000 -71.6278727500 -33.0276712800 3.1451849937 208.7138333289
408 -65.4682299515 18.0870171017 0 	!	 vanu 6812990.0000000000 168.3077000000 -17.7553000000 1.8327517509 835.4768035282
409 -8.7884183597 42.6027646365 0 	!	 VE19 3115498.0000000000 12.4265280000 45.4182190000 5.5625000000 1522.2917189037
410 83.2880272343 17.6654767873 0 	!	 vern 2057630.0000000000 -64.2700000000 -65.2500000000 10.0625000000 1825.1612880293
411 166.6137831904 19.2878060593 0 	!	 VI12 5624161.0000000000 16.1770111111 41.8880833333 167.2172393799 505.3508119317
412 12.1130610341 54.1796440395 0 	!	 vieq 2209251.0000000000 -65.4714000000 18.0939000000 6.2556295395 1272.0437512448
413 174.7921485867 -41.2775517501 0 	!	 vil2 4249575.0000000000 -8.7700300000 42.6007100000 7.7528061867 1344.4294534400
414 -89.3248264720 30.3231815814 0 	!	 vish 6416384.0000000000 83.2800000000 17.6800000000 2.6929388046 369.8692941650
415 -157.4751979864 1.9835246022 0 	!	 wake 7752137.0000000000 166.6180000000 19.2900000000 120.2583465576 249.9131193754
416 -65.8261711068 18.0546601366 0 	!	 warn 1657103.0000000000 12.1033330000 54.1697220000 5.7996330261 723.6034318474
417 174.7921485867 -41.2775517501 0 	!	 wlgt 4249575.0000000000 174.7790967000 -41.2846217000 7.7528061867 1344.4294534400
418 -89.3248264720 30.3231815814 0 	!	 wlms 6416384.0000000000 -89.3258000000 30.3264000000 2.6929388046 369.8692941650
419 -157.4751979864 1.9835246022 0 	!	 xmas 7752137.0000000000 -157.4730000000 1.9840000000 120.2583465576 249.9131193754
420 -65.8261711068 18.0546601366 0 	!	 yabu 1657103.0000000000 -65.8330000000 18.0551000000 5.7996330261 723.6034318474
