1 0 0 0 0 0 0 0 0	 ! https://schism-dev.github.io/schism/master/input-output/optional-inputs.html#stationin-bp-format
420	 ! number of stations
1 -65.8276596069 -47.7615089417 0 	!	 dese 996799.0000000000 -65.9150000000 -47.7540000000 16.6807804108 6582.0973345745
2 -65.0478820801 -42.7331390381 0 	!	 madry 1033909.0000000000 -65.0310000000 -42.7630000000 2.0000000000 3595.1737973354
3 147.4318389893 -43.0281600952 0 	!	 bapj 1635226.0000000000 147.3380000000 -42.8920000000 2.0000000000 16957.0222486734
4 122.2201614380 -18.0331497192 0 	!	 brom 1320531.0000000000 122.2190000000 -18.0010000000 25.8201808929 3576.9946373890
5 145.9624176025 -41.0293197632 0 	!	 barn 1302466.0000000000 145.9150000000 -41.0500000000 28.9114093781 4593.8521573421
6 117.9389877319 -15.0158700943 0 	!	 djve 204954.0000000000 117.9420000000 -15.0230000000 5678.8872070312 856.2727607411
7 130.8399505615 -12.5001602173 0 	!	 bork 1520589.0000000000 6.7494440000 53.5575000000 14.8978300095 3199.4066078967
8 150.8906250000 -34.4973411560 0 	!	 darw 261497.0000000000 130.8460000000 -12.4720000000 2.0000000000 3251.8176539012
9 114.1906204224 -21.8316898346 0 	!	 boul 1301799.0000000000 1.5774600000 50.7275000000 14.3780498505 1633.9049528163
10 150.8283843994 -23.1398696899 0 	!	 pkem 1527634.0000000000 150.9120000000 -34.4740000000 5.0095300674 4574.0502224235
11 147.9929656982 -42.5292282104 0 	!	 pmur 620755.0000000000 114.1910000000 -21.8170000000 2.0000000000 5255.1626689894
12 133.6507110596 -32.2123489380 0 	!	 ross 682026.0000000000 150.7900000000 -23.1610000000 0.3470500112 7103.1218223880
13 142.2092590332 -10.5842599869 0 	!	 sprg 1616837.0000000000 147.9330000000 -42.5460000000 2.0000000000 1405.9985827460
14 2.9122099876 51.2259407043 0 	!	 thev 543966.0000000000 133.6410000000 -32.1490000000 2.0000000000 1365.1488503864
15 -48.5106506348 -1.3143800497 0 	!	 trst 1558150.0000000000 142.2220000000 -10.5860000000 6.2322797775 14283.8392787589
16 -125.1700286865 48.8569412231 0 	!	 oste 1605342.0000000000 2.9270000000 51.2340000000 43.4627799988 2894.2327083030
17 -52.6962699890 47.5643005371 0 	!	 bele 1649177.0000000000 -48.4960000000 -1.4420000000 2.0000000000 1889.8032187557
18 -123.2215423584 49.2921104431 0 	!	 bamf 436462.0000000000 -125.1400000000 48.8400000000 28.7957191467 7649.6575721138
19 -70.2267684937 -52.6156311035 0 	!	 stjo 1584620.0000000000 -52.7200000000 47.5700000000 2.0000000000 3793.7630826583
20 -57.9028587341 -63.3327789307 0 	!	 vhbc 1291152.0000000000 -123.1170000000 49.2830000000 2.0000000000 1313.0393340234
21 -70.8336334229 -27.0319499969 0 	!	 greg 1475986.0000000000 -70.2090000000 -52.6480000000 57.1314392090 3773.1393316976
22 -71.3352432251 -29.9568004608 0 	!	 ohig3 1297015.0000000000 -57.9010000000 -63.3210000000 2.0000000000 756.5397325407
23 -73.5035400391 -39.8522987366 0 	!	 cald 1157131.0000000000 -70.8250000000 -27.0650000000 41.7014808655 7586.6681984714
24 -71.5260009766 -32.1368293762 0 	!	 coqu 1508770.0000000000 -71.3350000000 -29.9500000000 2.0000000000 297.0601656351
25 -71.6064834595 -30.2621898651 0 	!	 corr 1431637.0000000000 -73.4270000000 -39.8870000000 38.2247581482 3317.9332744993
26 -73.3816375732 -45.3765487671 0 	!	 pich 817535.0000000000 -71.5290000000 -32.1360000000 195.0655670166 44972.4147925346
27 -67.6183090210 -55.2347717285 0 	!	 ptal 1420547.0000000000 -71.6080000000 -30.2920000000 2.0000000000 33558.7094765646
28 -71.4919586182 -32.7693595886 0 	!	 pcha 524789.0000000000 -72.8200000000 -45.4670000000 2.0000000000 3152.2598401508
29 -73.0755920410 -36.6463394165 0 	!	 pwil 1356015.0000000000 -67.6110000000 -54.9330000000 11.9539604187 2018.2771816436
30 -73.1395721436 -36.6923713684 0 	!	 qtro 1642030.0000000000 -71.5250000000 -32.7750000000 2.0000000000 3143.2157493065
31 178.4073944092 -18.1037807465 0 	!	 quir 277860.0000000000 -73.0570000000 -36.6360000000 2.0000000000 3790.8832244654
32 -1.5990099907 49.6332588196 0 	!	 talc 1635707.0000000000 -73.1060000000 -36.7010000000 2.0000000000 2905.9881140428
33 45.2781982422 -12.7760601044 0 	!	 viti 19653.0000000000 178.4240000000 -18.1340000000 7.2286801338 2322.2693116419
34 -2.3422000408 47.0197906494 0 	!	 cher 1070500.0000000000 -1.6300000000 49.6500000000 4.0537700653 3346.6580315644
35 167.8583679199 -21.5271701813 0 	!	 dzao 1290192.0000000000 45.2580000000 -12.7830000000 2.0000000000 3013.0531318436
36 -140.0793151855 -8.9597301483 0 	!	 herb 200769.0000000000 -2.2990000000 47.0260000000 247.4609375000 5012.8114712717
37 -2.8685901165 48.6659011841 0 	!	 mare 1613596.0000000000 167.8770000000 -21.5480000000 2.0000000000 3958.9218758720
38 -2.8685901165 48.6659011841 0 	!	 nuku 1613596.0000000000 -140.0850000000 -8.9150000000 2.0000000000 3958.9218758720
39 -149.4640808105 -23.3146400452 0 	!	 stqy 1076579.0000000000 -2.8220000000 48.6480000000 480.6335449219 3276.6786111927
40 8.7123498917 53.8390998840 0 	!	 stqy2 1270851.0000000000 -2.8220000000 48.6480000000 2.0000000000 3227.9870935676
41 7.8510298729 54.1577110291 0 	!	 tubua 1638101.0000000000 -149.4760000000 -23.3420000000 39.7657585144 3302.3711074214
42 8.3408899307 54.7412910461 0 	!	 cuxh 985131.0000000000 8.7170000000 53.8680000000 3.2323799133 3374.2721346035
43 21.7565708160 38.2688903809 0 	!	 helg 1467488.0000000000 7.8910000000 54.1760000000 2.0000000000 60563.4545677209
44 12.6394195557 35.4848403931 0 	!	 horn 1521251.0000000000 8.2970000000 54.7580000000 40.9865684509 3622.7419369732
45 131.4239654541 31.5579109192 0 	!	 itea 254681.0000000000 22.4200000000 38.4300000000 12.3302001953 2789.8781467644
46 139.9621124268 40.6515007019 0 	!	 LA23 724929.0000000000 12.6040000000 35.5000000000 2.0000000000 2714.2346961742
47 132.0384368896 34.8729705811 0 	!	 abur 879016.0000000000 131.4100000000 31.5800000000 2.0000000000 4161.9046513563
48 145.6102752686 43.2899017334 0 	!	 fuka 596748.0000000000 139.9300000000 40.6500000000 7.8736000061 3440.9729214595
49 124.1630630493 24.3468799591 0 	!	 hmda 1515814.0000000000 132.0700000000 34.9000000000 2.0000000000 1902.4465198693
50 135.7917938232 33.4801902771 0 	!	 hana 1293689.0000000000 145.5700000000 43.2800000000 2.0000000000 2021.3829674502
51 144.3827972412 43.0012092590 0 	!	 ishig 649643.0000000000 124.1600000000 24.3300000000 2.0000000000 2577.8431173673
52 129.8142547607 32.6906814575 0 	!	 kusm 708101.0000000000 135.7700000000 33.4800000000 2.0000000000 7567.8995929137
53 127.7055282593 26.2034606934 0 	!	 kush 1598317.0000000000 144.3700000000 42.9800000000 2.0000000000 3618.2865127568
54 138.2299957275 34.5889396667 0 	!	 naga 314780.0000000000 129.8700000000 32.7400000000 7.0139799118 2514.1759732725
55 138.5451202393 38.3116912842 0 	!	 naha 1639406.0000000000 127.6700000000 26.2100000000 123.2386322021 2378.3701033608
56 133.3690643311 36.1792716980 0 	!	 omae 539394.0000000000 138.2200000000 34.6100000000 100.5789718628 4195.5248558351
57 132.9330749512 32.7678108215 0 	!	 sado 1007550.0000000000 138.5200000000 38.3200000000 15.3618698120 2859.0236306182
58 141.6963195801 45.4273490906 0 	!	 saig 1388374.0000000000 133.3300000000 36.2000000000 13.2662096024 1991.1893513912
59 -171.7109985352 -2.7950301170 0 	!	 tosa 1577988.0000000000 132.9600000000 32.7800000000 76.2770080566 1022.4081779181
60 -96.0952377319 15.7581100464 0 	!	 waka 1426799.0000000000 141.6900000000 45.4100000000 2.0000000000 2497.4516957872
61 171.4605865479 -41.8793296814 0 	!	 kant 1257245.0000000000 -171.7180000000 -2.8010000000 2.0000000000 3430.8346542061
62 16.1430301666 69.3080825806 0 	!	 huat 1550252.0000000000 -96.1170000000 15.7500000000 2.3961100578 2017.1326793571
63 25.9514694214 71.0076217651 0 	!	 chst 1479478.0000000000 171.4340000000 -41.9030000000 2.0000000000 3168.8177921764
64 5.0277400017 61.9610900879 0 	!	 ande 392757.0000000000 16.1350000000 69.3260000000 2.0000000000 5616.3814194500
65 11.2548904419 64.8491973877 0 	!	 honn 1647077.0000000000 25.9730000000 70.9800000000 11.1402101517 1603.5022953049
66 7.5728697777 58.0171508789 0 	!	 malo 1642377.0000000000 5.1170000000 61.9330000000 2.0000000000 1626.4754325320
67 31.1004295349 70.3648223877 0 	!	 rorv 1549061.0000000000 11.2300000000 64.8590000000 16.0647296906 1139.5313085773
68 125.6989212036 7.1917700768 0 	!	 treg 1500464.0000000000 7.5550000000 58.0060000000 2.0000000000 5774.4265329642
69 -176.1504974365 -9.4894199371 0 	!	 vard 1432441.0000000000 31.1040000000 70.3750000000 4981.2016601562 11050.1590388513
70 -17.9289608002 27.8009109497 0 	!	 davo 706141.0000000000 125.6630000000 7.1540000000 2.0000000000 3251.0675509430
71 -13.8390502930 28.5050392151 0 	!	 dapi 99355.0000000000 -176.2470000000 -9.5180000000 23.4499397278 2284.9979638903
72 -8.3635902405 43.3502006531 0 	!	 hie2 269849.0000000000 -17.9020000000 27.7840000000 2.0000000000 3486.2936831868
73 16.9742202759 58.4942588806 0 	!	 fue2 1615764.0000000000 -13.8580000000 28.4930000000 2.0000000000 1375.3548193795
74 18.1837501526 60.4296302795 0 	!	 coru 1544384.0000000000 -8.4000000000 43.3670000000 1.3382500410 2738.5591214060
75 21.2440605164 64.8986511230 0 	!	 arko 811307.0000000000 16.9610000000 58.4840000000 1.6720700264 2025.0342322277
76 11.8012599945 57.7063102722 0 	!	 fors 1430166.0000000000 18.2110000000 60.4090000000 2.0000000000 2476.1203638576
77 20.2957401276 63.6901397705 0 	!	 furu 558171.0000000000 21.2310000000 64.9160000000 2.0000000000 2608.7461976137
78 23.1319808960 65.6864624023 0 	!	 gokr 19580.0000000000 11.7710000000 57.6910000000 22.7129306793 2021.2355397899
79 14.8063402176 56.1266784668 0 	!	 holm 1604309.0000000000 20.3470000000 63.6960000000 17.9463901520 3170.8691064807
80 12.8967599869 55.5506782532 0 	!	 kalit 1493642.0000000000 23.0960000000 65.6970000000 2.0000000000 3193.6017693605
81 15.6153202057 56.1248817444 0 	!	 karl 165973.0000000000 14.8210000000 56.1540000000 0.6523500085 2747.7026964868
82 11.1283197403 59.0312995911 0 	!	 klag 110059.0000000000 12.8940000000 55.5220000000 52.9291191101 3814.6887234394
83 17.8457107544 58.7955818176 0 	!	 kung 1449921.0000000000 15.5890000000 56.1050000000 2.0000000000 3053.3759313072
84 17.0775394440 57.3865699768 0 	!	 kungr 1107453.0000000000 11.1270000000 58.9970000000 25.9341506958 2567.6082338762
85 16.4778308868 57.2608489990 0 	!	 land 1537752.0000000000 17.8590000000 58.7690000000 2.0000000000 1573.5523691895
86 17.1916007996 58.6636505127 0 	!	 olan 505391.0000000000 17.0970000000 57.3660000000 6.2077598572 3855.8625154610
87 20.9133300781 63.9728507996 0 	!	 oska 1475556.0000000000 16.4780000000 57.2750000000 18.1083202362 1713.8592701600
88 16.6955108643 57.3811416626 0 	!	 oxel 235811.0000000000 17.1250000000 58.6620000000 10.2052698135 3415.2051973644
89 14.4032297134 55.5680084229 0 	!	 rata 737098.0000000000 20.8950000000 63.9860000000 32.5001716614 3096.3439646796
90 11.1940898895 58.3446998596 0 	!	 simp 1501481.0000000000 16.6760000000 57.4100000000 24.5067195892 1736.5954455163
91 17.5650100708 62.3720283508 0 	!	 simr 890442.0000000000 14.3580000000 55.5570000000 28.0804901123 2020.9488012056
92 18.2488803864 57.6225891113 0 	!	 smog 790021.0000000000 11.2180000000 58.3540000000 20.8611106873 2775.0560995205
93 39.2046203613 -6.1349902153 0 	!	 spik 877371.0000000000 17.5310000000 62.3630000000 1.0738099813 2915.3048961007
94 -175.2028961182 -21.1184101105 0 	!	 visb 823287.0000000000 18.2840000000 57.6390000000 19.5542602539 1426.4819052148
95 32.4352302551 41.7548789978 0 	!	 zanz 1135953.0000000000 39.1830000000 -6.1500000000 2.0000000000 3784.8414024304
96 30.6079196930 36.8606414795 0 	!	 nkfa 1464062.0000000000 -175.1970000000 -21.1300000000 2.0000000000 2777.0472302783
97 28.0642795563 41.9029312134 0 	!	 amas 1398136.0000000000 32.3920000000 41.7440000000 10.3308601379 3676.2074574638
98 29.6455593109 41.1638488770 0 	!	 anta 286387.0000000000 30.6130000000 36.8360000000 2.0000000000 3914.7891622918
99 -2.0276999474 57.1312904358 0 	!	 igne 839340.0000000000 28.0240000000 41.8890000000 27.0509490967 3301.0516586553
100 -5.6510100365 54.6806793213 0 	!	 sile 1580566.0000000000 29.6040000000 41.1800000000 6.8136501312 2603.5480142171
101 1.3368400335 52.9443283081 0 	!	 abed 1303469.0000000000 -2.0800000000 57.1400000000 8.6212100983 2938.3241226474
102 1.3051199913 51.1084709167 0 	!	 bang 1609427.0000000000 -5.6700000000 54.6600000000 2.0000000000 1052.6309802357
103 1.2840800285 51.9195213318 0 	!	 crom 898038.0000000000 1.3000000000 52.9300000000 0.2628099918 3413.2890126722
104 -2.9392199516 54.0489311218 0 	!	 dove 1607376.0000000000 1.3200000000 51.1100000000 2.0827999115 2450.7630325621
105 -4.6324400902 53.3137702942 0 	!	 harw 547734.0000000000 1.2900000000 51.9500000000 2.0000000000 926.7035219836
106 -4.1639399529 51.2308502197 0 	!	 heys 1613526.0000000000 -2.9200000000 54.0300000000 29.6873893738 4414.4381216890
107 -5.1041297913 58.4357185364 0 	!	 holy2 1491077.0000000000 -4.6200000000 53.3100000000 3.4978499413 4148.4493458754
108 -3.1892499924 56.0229301453 0 	!	 ilfa 1017096.0000000000 -4.1100000000 51.2100000000 8.8575601578 3706.5467070085
109 -1.1708199978 60.1365203857 0 	!	 kinl 321892.0000000000 -5.0500000000 58.4600000000 2.0000000000 2502.9915612983
110 -3.0177700520 53.4492912292 0 	!	 leit 1104854.0000000000 -3.1800000000 55.9900000000 3.8886299133 167.3820431831
111 1.7814999819 52.4820785522 0 	!	 lerw2 1540703.0000000000 -1.1450000000 60.1550000000 8.6108903885 2520.9884765396
112 -5.0475001335 51.6588706970 0 	!	 live 536498.0000000000 -3.0200000000 53.4500000000 2.0000000000 5687.9306040147
113 -4.8769102097 55.7413406372 0 	!	 lowe 595861.0000000000 1.7500000000 52.4700000000 1.2972199917 2283.9158642181
114 -3.9426400661 51.5551109314 0 	!	 mhav 226573.0000000000 -5.0500000000 51.7100000000 16.0940704346 3067.6357483548
115 0.0519899987 50.7761116028 0 	!	 mill 1598372.0000000000 -4.9100000000 55.7500000000 3.2592198849 710.0227029713
116 -5.5586700439 50.0814781189 0 	!	 mumb 159755.0000000000 -3.9800000000 51.5700000000 2.0000000000 2641.3362566375
117 -2.9310998917 51.5293388367 0 	!	 nhav 796703.0000000000 0.0600000000 50.7800000000 2.0000000000 4676.7378109809
118 -1.3718800545 54.9753112793 0 	!	 newl2 1525717.0000000000 -5.5430000000 50.1030000000 2.0000000000 5810.3862732776
119 -4.2295699120 50.3626403809 0 	!	 npor 488760.0000000000 -2.9900000000 51.5500000000 2.0000000000 2923.5139893369
120 -5.1327099800 54.8395385742 0 	!	 nshi 623874.0000000000 -1.4400000000 55.0100000000 12.5074501038 815.4772305396
121 -6.6873202324 55.2185287476 0 	!	 plym 1351538.0000000000 -4.1900000000 50.3700000000 31.7426109314 1975.6328167030
122 -1.0998200178 50.7954216003 0 	!	 porp 1586745.0000000000 -5.1200000000 54.8400000000 4.0176200867 878.1074063127
123 0.6853299737 51.4464683533 0 	!	 prus 1587031.0000000000 -6.6600000000 55.2100000000 2.0000000000 3808.8796938795
124 -6.3614001274 58.2419090271 0 	!	 ptmt 887883.0000000000 -1.1100000000 50.8000000000 2.0000000000 3923.4405077415
125 -0.5460500121 54.4869499207 0 	!	 shee 1371065.0000000000 0.7400000000 51.4500000000 35.6969718933 4144.3936417091
126 -3.0877599716 58.4132308960 0 	!	 stor 1430394.0000000000 -6.3900000000 58.2100000000 2.0000000000 2979.4441917232
127 -3.5568900108 54.6388893127 0 	!	 whit 106761.0000000000 -0.6100000000 54.4900000000 2.0000000000 1495.9580154831
128 -122.5117263794 37.7030410767 0 	!	 wick 1473679.0000000000 -3.0900000000 58.4400000000 7.0325398445 20298.1687011659
129 -123.7126464844 38.9137916565 0 	!	 work 1452634.0000000000 -3.5700000000 54.6500000000 2.0000000000 667.4073392009
130 -123.9433212280 46.1925582886 0 	!	 alam 1643020.0000000000 -122.2980000000 37.7720000000 4.4237699509 13678.3032726571
131 -174.1198425293 52.2347297668 0 	!	 aren 647596.0000000000 -123.7050000000 38.9130000000 2.0000000000 3632.7788998182
132 -74.3933410645 39.3643188477 0 	!	 asto 1311831.0000000000 -123.7670000000 46.2080000000 4.3898000717 2359.7065958315
133 -76.4470367432 39.2589302063 0 	!	 atka 705145.0000000000 -174.1730000000 52.2320000000 2.0000000000 11310.6180553462
134 -68.0908203125 44.3718910217 0 	!	 acnj 141334.0000000000 -74.4180000000 39.3550000000 12.4786596298 9345.3303102104
135 -76.6999816895 34.7358512878 0 	!	 bamd 656178.0000000000 -76.5780000000 39.2670000000 4.0514001846 3257.9155457351
136 -71.0286331177 42.3545684814 0 	!	 bame 1007494.0000000000 -68.2050000000 44.3920000000 4.5846300125 1920.6943046485
137 -73.1754913330 41.1421012878 0 	!	 benc 1539890.0000000000 -76.6700000000 34.7200000000 6.0456800461 3478.7209123983
138 -64.9331970215 18.3181705475 0 	!	 boma 1351763.0000000000 -71.0520000000 42.3550000000 11.2074098587 2332.9025396968
139 -122.7244033813 48.8406982422 0 	!	 bgct 340253.0000000000 -73.1820000000 41.1730000000 14.3164100647 3491.7355672875
140 -82.8051986694 28.0000896454 0 	!	 amal 551483.0000000000 -64.9200000000 18.3350000000 0.4049499929 3599.7959599175
141 -124.1933288574 41.7751197815 0 	!	 chrp 510805.0000000000 -122.7580000000 48.8630000000 2.0000000000 3457.0068642034
142 153.9364471436 11.8456697464 0 	!	 cwfl 85716.0000000000 -82.8320000000 27.9780000000 5939.3491210938 9489.6251569175
143 171.8741607666 50.2137603760 0 	!	 cres 1436734.0000000000 -124.1830000000 41.7450000000 4813.9467773438 6949.1982244985
144 -75.7424468994 36.2036895752 0 	!	 dkwa 1509601.0000000000 153.9070000000 11.9260000000 3.7845098972 2336.5765217157
145 -166.5484466553 53.9323997498 0 	!	 datu 636476.0000000000 171.8970000000 50.1530000000 72.2592010498 5585.4120108133
146 -136.3866271973 58.2007408142 0 	!	 dpnc 1086423.0000000000 -75.7470000000 36.1830000000 76.9383316040 2697.5605388270
147 -122.5587615967 37.8184700012 0 	!	 dutc 1577048.0000000000 -166.5330000000 53.8830000000 12.7219600677 8334.7492709814
148 144.6522979736 13.4171104431 0 	!	 elak 1624916.0000000000 -136.3430000000 58.1930000000 51.1002197266 2323.0363031601
149 -155.0577697754 19.7586593628 0 	!	 fpnt 1025523.0000000000 -122.4650000000 37.8070000000 45.1673393250 2853.2926990154
150 -156.4637451172 20.9204692841 0 	!	 guam 2475.0000000000 144.6520000000 13.4380000000 26.5004596710 2641.5114153547
151 -155.8766479492 20.0347309113 0 	!	 hilo 2491.0000000000 -155.0580000000 19.7330000000 260.2427673340 4666.3071764955
152 -81.8170928955 24.5703506470 0 	!	 kahu 905814.0000000000 -156.4720000000 20.8980000000 3.8513300419 2137.2573709231
153 -117.2579727173 32.8731689453 0 	!	 kawa 693992.0000000000 -155.8320000000 20.0360000000 6.5176801682 685.9601524476
154 -64.7623519897 17.6675701141 0 	!	 kwfl 1173236.0000000000 -81.8080000000 24.5530000000 81.2737503052 3175.8166818854
155 144.7778167725 13.4425802231 0 	!	 lajo 965619.0000000000 -117.2580000000 32.8670000000 2.0000000000 2633.0263513853
156 -120.7415924072 35.1552085876 0 	!	 lime 254119.0000000000 -64.7540000000 17.6950000000 21.6077098846 1760.2393582934
157 -160.5559997559 55.3189811707 0 	!	 pagb 1036656.0000000000 144.7970000000 13.4280000000 24.6140995026 3960.0871233451
158 -135.4306335449 56.9849205017 0 	!	 pslu 1064586.0000000000 -120.7530000000 35.1680000000 52.8245315552 9187.9951538186
159 -124.0939865112 46.9270782471 0 	!	 sdpt 1466615.0000000000 -160.5020000000 55.3370000000 4.3830099106 2445.3271869414
160 -70.6684417725 41.5288391113 0 	!	 sitk 1590957.0000000000 -135.3420000000 57.0520000000 6.9338698387 713.6559333617
161 -139.6930541992 59.5578918457 0 	!	 wpwa 441731.0000000000 -124.1100000000 46.9080000000 2.0000000000 2606.9299057708
162 79.8567123413 6.9448900223 0 	!	 wood 1273404.0000000000 -70.6720000000 41.5230000000 2.0000000000 857.9280513613
163 -177.7669525146 -36.1002807617 0 	!	 yaku 762458.0000000000 -139.7350000000 59.5480000000 5793.2377929688 7783.7135829930
164 -130.4272460938 54.2836685181 0 	!	 colo 95150.0000000000 79.8500000000 6.9410000000 2.0000000000 8056.5859072065
165 144.3009185791 43.9861602783 0 	!	 dnze 1014610.0000000000 -177.7080000000 -36.0490000000 2.0000000000 3862.8168728638
166 -89.8179092407 13.5818004608 0 	!	 prin2 159150.0000000000 -130.3170000000 54.3170000000 2.0000000000 2359.8561500736
167 -99.9107437134 16.8058204651 0 	!	 abas 706697.0000000000 144.2900000000 44.0200000000 76.5025863647 3664.6736119388
168 -176.5758666992 51.8655395508 0 	!	 acaj 431150.0000000000 -89.8381280000 13.5737920000 69.4817886353 3864.7689155067
169 -176.5758666992 51.8655395508 0 	!	 acap2 431150.0000000000 -99.9030000000 16.8379333000 69.4817886353 3864.7689155067
170 8.7671899796 41.9011001587 0 	!	 adak 51687.0000000000 -176.6320000000 51.8630000000 166.6132049561 2184.1638693842
171 -0.4947800040 38.3332710266 0 	!	 adak2 1555643.0000000000 -176.6320000000 51.8630000000 2.0000000000 1324.5280001517
172 -154.3129577637 56.8960418701 0 	!	 ajac 1579608.0000000000 8.7600000000 41.9200000000 10.2758102417 3942.0838201077
173 -2.4902100563 36.8435211182 0 	!	 alac2 412595.0000000000 -0.4813889000 38.3388889000 2.0000000000 1835.1584913176
174 13.4603700638 43.6261901855 0 	!	 alak2 1061475.0000000000 -154.2481000000 56.8975000000 8.4091997147 3717.7172267638
175 -150.1060333252 61.2109489441 0 	!	 alme 211750.0000000000 -2.4783500000 36.8300200000 7.8456101418 12052.0438770433
176 -70.4177627563 -23.6540393829 0 	!	 AN15 1333089.0000000000 13.5065166667 43.6247666667 51.3264884949 1338.3250168997
177 -84.9414062500 29.7006893158 0 	!	 anch2 1632070.0000000000 -149.8880000000 61.2380000000 2.0000000000 4891.6266373711
178 -91.3017883301 29.4525508881 0 	!	 anto2 1450491.0000000000 -70.4046243600 -23.6542151700 2.7236800194 3531.1865169301
179 -66.7349395752 18.4939193726 0 	!	 apfl 467184.0000000000 -84.9820000000 29.7270000000 138.6090240479 3741.9049657147
180 -1.1363699436 44.6531295776 0 	!	 apla 1219421.0000000000 -91.3381000000 29.4496000000 0.3010100126 2522.6315153747
181 -70.3585815430 -18.4650707245 0 	!	 aracS 1008876.0000000000 -66.7024000000 18.4805000000 34.1660308838 3914.5970969658
182 35.8626708984 36.4187011719 0 	!	 arca 1273630.0000000000 -1.1635500000 44.6650000000 20.3634204865 2044.4983470148
183 -4.5591502190 47.9984092712 0 	!	 aric2 662949.0000000000 -70.3232305000 -18.4758000000 2.1755800247 3052.1958902637
184 12.6813097000 41.4480400085 0 	!	 arsu 1604335.0000000000 35.8851900000 36.4155900000 0.9390599728 3878.9303776679
185 16.9124298096 41.1501197815 0 	!	 audi 1102405.0000000000 -4.5372000000 48.0216000000 50.6398315430 4038.3817261277
186 2.1213300228 41.3395195007 0 	!	 AZ42 1264666.0000000000 12.6347972222 41.4468583333 2.0000000000 3712.6564304524
187 115.2213287354 -8.7668304443 0 	!	 BA05 1087472.0000000000 16.8660333333 41.1402055556 4.5823998451 520.2997450507
188 -3.0505199432 43.3794708252 0 	!	 barc 1422092.0000000000 2.1657000000 41.3417700000 23.9777393341 3137.2811957149
189 57.6875000000 -20.4485301971 0 	!	 beno 32912.0000000000 115.2166000000 -8.7666000000 2.0000000000 2491.6835327118
190 -6.3987698555 36.7988014221 0 	!	 bil3 151808.0000000000 -3.0451300000 43.3515300000 0.4631099999 5412.4581525702
191 6.7614102364 53.5545883179 0 	!	 blueb 538956.0000000000 57.7109500000 -20.4441333300 2.0000000000 854.1545645836
192 1.5269900560 50.7382202148 0 	!	 bon2 144053.0000000000 -6.3381300000 36.8022100000 16.0246906281 3746.7258712028
193 32.9695091248 36.0442085266 0 	!	 djve 331770.0000000000 117.9420000000 -15.0230000000 103.6330566406 6436.7596031665
194 -4.6092700958 48.3090400696 0 	!	 bork 442875.0000000000 6.7494440000 53.5575000000 20.7898006439 11290.4730408845
195 -158.1045837402 21.3475303650 0 	!	 darw 1080631.0000000000 130.8460000000 -12.4720000000 2.0000000000 3241.7750100913
196 -73.9713897705 40.5955696106 0 	!	 boul 1300008.0000000000 1.5774600000 50.7275000000 2.0000000000 12315.0495748943
197 -68.9993972778 12.1766500473 0 	!	 bozy 280313.0000000000 32.9413108826 36.0974197388 2.0000000000 2497.7725327216
198 9.1257200241 39.1923904419 0 	!	 bres 782037.0000000000 -4.5000000000 48.3800000000 1.7263200283 2205.2612262850
199 -77.1667404175 -12.0641002655 0 	!	 brpt 1285834.0000000000 -158.1193000000 21.3218000000 8.2377796173 544.8641393672
200 -1.9382100105 36.9914207458 0 	!	 btny2 1177116.0000000000 -74.0200000000 40.7000000000 2.0000000000 3923.2410385670
201 -9.3983898163 38.6626396179 0 	!	 bull 698230.0000000000 -69.0196139000 12.1873306000 26.0458793640 3700.2718116739
202 -76.1336822510 38.5822105408 0 	!	 CA02 875045.0000000000 9.1142000000 39.2101000000 2.0000000000 5769.2674408710
203 9.3111896515 42.9594001770 0 	!	 call 1543086.0000000000 -77.1668000000 -12.0690000000 110.2270965576 3277.9135949064
204 15.9307298660 39.5240211487 0 	!	 carb 1501761.0000000000 -1.8995900000 36.9743000000 2.0000000000 955.8179719795
205 8.2830400467 39.1613502502 0 	!	 casc 226526.0000000000 -9.4153840000 38.6931580000 2.0000000000 2926.6047852647
206 142.1565246582 27.0890007019 0 	!	 cbmd 218066.0000000000 -76.0683000000 38.5733000000 70.8684616089 3315.8016278491
207 105.6874694824 -10.4372797012 0 	!	 cent 1551673.0000000000 9.3501460000 42.9669040000 2.0000000000 2171.5587949185
208 91.8008880615 22.3155803680 0 	!	 CETR 1545313.0000000000 15.9201710000 39.5267700000 2.0000000000 3167.5622569618
209 151.8857269287 7.4470000267 0 	!	 CF06 97320.0000000000 8.3081000000 39.1436000000 2.0000000000 1567.2266030765
210 11.7899904251 42.1050910950 0 	!	 chij 1112355.0000000000 142.1900000000 27.0900000000 2.0000000000 1238.2304215739
211 109.0253829956 -7.7306399345 0 	!	 chrs 1429785.0000000000 105.6693000000 -10.4294000000 1.8152999878 3529.3159046891
212 -74.9879074097 38.9644889832 0 	!	 chtt 851232.0000000000 91.8250000000 22.3333000000 6.7744197845 2449.6866265669
213 96.8814392090 -12.0921497345 0 	!	 chuu 1334721.0000000000 151.8982417000 7.4536833000 74.2311401367 2957.3083588714
214 76.2302169800 9.9459104538 0 	!	 CI20 1625481.0000000000 11.7896472222 42.0939583333 2.4864499569 3618.6132569247
215 -3.9448800087 47.8227996826 0 	!	 cili 408741.0000000000 109.0000000000 -7.7500000000 22.0706195831 6313.8511519568
216 -146.0016174316 60.5486793518 0 	!	 cmnj 1446998.0000000000 -74.9600000000 38.9683000000 2.0000000000 13630.0945835462
217 -93.3730392456 29.7780990601 0 	!	 cocb 106357.0000000000 96.8919000000 -12.1167000000 2.0000000000 3110.2385746880
218 17.1149101257 39.0692787170 0 	!	 coch 1337835.0000000000 76.2600000000 9.9600000000 2.0000000000 2486.6292593495
219 15.0944995880 37.4958190918 0 	!	 conc 990782.0000000000 -3.9073800000 47.8737000000 2.0000000000 250.2363646808
220 -67.2137603760 44.6547203064 0 	!	 cord 369685.0000000000 -145.7530000000 60.5580000000 2.0000000000 367.8653799750
221 -17.4273490906 14.6957998276 0 	!	 cpla 161832.0000000000 -93.3429000000 29.7682000000 0.1414300054 2339.2490127141
222 -169.9208068848 49.5956192017 0 	!	 CR08 1146460.0000000000 17.1370555556 39.0835805556 5284.2016601562 8235.0340698622
223 158.2229156494 6.9892201424 0 	!	 CT03 81005.0000000000 15.0938000000 37.4980000000 2.0000000000 2694.4127842452
224 6.9279398918 53.3501091003 0 	!	 cwme 1627996.0000000000 -67.2100000000 44.6566670000 2.0000000000 2634.0962431726
225 4.7472701073 52.9503707886 0 	!	 dakar 1630633.0000000000 -17.4200000000 14.6760000000 0.0830100030 1501.6699520255
226 1.0623799562 49.9615707397 0 	!	 dchu 1584743.0000000000 -169.8717000000 49.6625000000 10.7763004303 3865.6779492309
227 1.0623799562 49.9615707397 0 	!	 deke 1584743.0000000000 158.2001000000 6.9806000000 10.7763004303 3865.6779492309
228 -148.6049346924 55.3205299377 0 	!	 delf 654410.0000000000 6.9329699417 53.3266112653 4228.5996093750 3667.9829510151
229 -129.6364746094 48.8046684265 0 	!	 denh 1365028.0000000000 4.7434234427 52.9636753352 2807.2895507812 1398.8176324138
230 -156.7892913818 52.6370201111 0 	!	 diep 9821.0000000000 1.0850000000 49.9300000000 4533.6386718750 3014.7939734828
231 2.3851900101 51.0568695068 0 	!	 diep2 1498396.0000000000 1.0850000000 49.9300000000 1.6309200525 1619.7955702935
232 -109.4097976685 -27.1590995789 0 	!	 dkod 1334986.0000000000 -148.5500000000 55.3100000000 2.0000000000 2969.1720538519
233 -78.9818572998 9.5480098724 0 	!	 dsea 1637550.0000000000 -129.6219000000 48.8128000000 2.0000000000 3760.4030544453
234 -67.0247726440 44.9106483459 0 	!	 dshu 705161.0000000000 -156.7783000000 52.6633000000 11.9794998169 3237.0867439000
235 34.2483711243 36.5764389038 0 	!	 dunk 1594534.0000000000 2.3666980000 51.0480900000 2.0000000000 1545.9482233415
236 121.9004898071 -33.8515586853 0 	!	 east2 1351572.0000000000 -109.4394260000 -27.1548500000 2.0000000000 2201.4066645882
237 3.3262701035 51.9825706482 0 	!	 elpo 1315978.0000000000 -78.9491800000 9.5582700000 29.9504699707 3912.1983036927
238 -65.6086196899 18.3564605713 0 	!	 epme 476553.0000000000 -66.9850000000 44.9033000000 10.7501697540 3477.2353030969
239 -81.4625091553 30.6700801849 0 	!	 erdem 215973.0000000000 34.2553871900 36.5637289200 2.0000000000 319.8777122593
240 147.1110229492 -19.2763900757 0 	!	 espe 164447.0000000000 121.8954000000 -33.8709000000 11.9940595627 5524.2693318540
241 6.9232997894 43.5000915527 0 	!	 euro 467311.0000000000 3.2746870029 51.9976988652 2.0000000000 2025.7100314355
242 -82.0620117188 26.7200107574 0 	!	 faja 973432.0000000000 -65.6311000000 18.3336000000 2.0000000000 20603.9270298887
243 179.2114715576 -8.5094299316 0 	!	 fbfl 531471.0000000000 -81.4650000000 30.6720000000 16.3046894073 1945.7013382078
244 -38.4920616150 -3.7284901142 0 	!	 ferg 1469993.0000000000 147.0584000000 -19.2773000000 2.0000000000 3106.0906469837
245 -80.9326934814 32.0394210815 0 	!	 figu 1011653.0000000000 6.9337670000 43.4835320000 8.3979701996 2980.0082119671
246 -166.3112945557 23.8791999817 0 	!	 fmfl 1632723.0000000000 -81.8700000000 26.6500000000 296.2111511230 3180.8211695829
247 -61.0472106934 14.5896902084 0 	!	 fong 1333595.0000000000 179.1949000000 -8.5033000000 8.6099004745 2187.0836950423
248 13.5546598434 41.2153511047 0 	!	 fort 1539209.0000000000 -38.4667000000 -3.7166666670 2.0000000000 2993.9873400960
249 -135.0044555664 -23.1084003448 0 	!	 fpga 1493479.0000000000 -80.9020000000 32.0330000000 60.1213989258 3783.8657620673
250 -0.1268000007 38.9921913147 0 	!	 fren 1353934.0000000000 -166.2830000000 23.8670000000 13.4841403961 2151.4718320979
251 73.1477508545 -0.6738100052 0 	!	 ftfr 1456065.0000000000 -61.0633330000 14.6016670000 36.7850685120 1627.2736581492
252 72.4105300903 -7.2675900459 0 	!	 GA37 448627.0000000000 13.5897361111 41.2099916667 17.1495609283 3125.9859203124
253 8.9751901627 44.4136886597 0 	!	 gamb 1612296.0000000000 -134.9688880000 -23.1177740000 2.0000000000 3966.9897728370
254 15.1640501022 38.7747306824 0 	!	 gand 297105.0000000000 -0.1513900000 38.9952100000 953.9213256836 2735.9416305449
255 -5.3999600410 36.1430206299 0 	!	 ganm 1393222.0000000000 73.1520278000 -0.6878056000 150.6336669922 3188.0632141229
256 -5.6631898880 43.5418510437 0 	!	 garc 386062.0000000000 72.3938750000 -7.2903361000 2.0000000000 3356.4460081993
257 -89.9377288818 29.2653903961 0 	!	 GE25 1416636.0000000000 8.9255000000 44.4101000000 2.7299900055 1854.8868995754
258 25.9052391052 40.2690315247 0 	!	 GI20 711861.0000000000 15.1932720000 38.7840290000 159.9932403564 4300.1229951485
259 -94.7592391968 29.3031406403 0 	!	 gibr3 1497416.0000000000 -5.3650130000 36.1480830000 4.5136599541 3361.2451774118
260 140.7515411377 41.7883415222 0 	!	 gij2 276225.0000000000 -5.6983500000 43.5580300000 2.0000000000 2774.8044102088
261 73.1409835815 6.7776799202 0 	!	 gila 209294.0000000000 -89.9567000000 29.2633000000 22.8717308044 3090.9321200358
262 5.3825302124 53.1865882874 0 	!	 gokc 180608.0000000000 25.8936100006 40.2313919067 0.6092500091 2257.2217895065
263 115.7464065552 -31.7936306000 0 	!	 gptx 1353498.0000000000 -94.7930000000 29.3100000000 2.0000000000 3619.6796506623
264 -139.0616455078 -9.8418798447 0 	!	 hako 1243994.0000000000 140.7200000000 41.7800000000 2.0000000000 5079.6331253297
265 4.1582598686 51.9711914062 0 	!	 hani 1524700.0000000000 73.1667000000 6.7667000000 0.0584100001 2745.8250288424
266 -1.1568399668 46.0292091370 0 	!	 harl 1644764.0000000000 5.4109729078 53.1755641043 3.0998599529 2772.3891376109
267 25.7520408630 34.9911613464 0 	!	 hill 84134.0000000000 115.7386000000 -31.8255000000 65.5724105835 1863.9031352159
268 15.5237398148 42.1318206787 0 	!	 hiva 1392808.0000000000 -139.0344690000 -9.8048690000 55.8540496826 2326.8629522470
269 168.6615447998 -43.9668998718 0 	!	 hoek 310676.0000000000 4.1194910666 51.9774704941 21.1638393402 3705.7973394287
270 -2.0746600628 49.1444091797 0 	!	 iaix 1524852.0000000000 -1.1742400000 46.0074000000 6.8298201561 5150.7990775871
271 -169.5003814697 16.7338905334 0 	!	 iera 1412627.0000000000 25.7385292053 35.0037498474 8.3231401443 2505.7321002738
272 -78.8343963623 -33.6360397339 0 	!	 IT45 380730.0000000000 15.5015666667 42.1188805556 2.0000000000 418.0304223274
273 22.1343898773 37.0115318298 0 	!	 jack 1621483.0000000000 168.6161000000 -43.9733000000 27.6568794250 2447.5173896743
274 154.8277282715 1.1062300205 0 	!	 jers 329041.0000000000 -2.1200000000 49.1800000000 475.5502319336 3918.5797508532
275 66.9912719727 24.7886791229 0 	!	 john 1624197.0000000000 -169.5233000000 16.7390000000 1.9085500240 3041.4451129368
276 21.2933406830 37.6700096130 0 	!	 juan 1568320.0000000000 -78.8298810000 -33.6360170000 21.1183109283 3999.8945531539
277 70.2187118530 -49.3568382263 0 	!	 kala 1063104.0000000000 22.1098330000 37.0215330000 8.2090396881 1319.6535083861
278 70.2187118530 -49.3568382263 0 	!	 kapi 1063104.0000000000 154.8066861000 1.0779583000 8.2090396881 1319.6535083861
279 10.2393903732 54.4776306152 0 	!	 kara 573423.0000000000 66.9750000000 24.8117000000 17.2232894897 3352.8860612807
280 -152.4393463135 57.7141799927 0 	!	 kata 1609530.0000000000 21.3192330000 37.6404500000 22.0604705811 4733.6154400843
281 167.7306365967 8.7334203720 0 	!	 kerg 672827.0000000000 70.2200000000 -49.3450000000 37.4140205383 917.8079441886
282 9.8554601669 44.0517501831 0 	!	 kerg2 435840.0000000000 70.2200000000 -49.3450000000 8.8204898834 4990.0010193938
283 -80.9203796387 -2.1763899326 0 	!	 kiel 1272919.0000000000 10.2747220000 54.4997220000 14.1344995499 4848.9973829269
284 -64.7442321777 18.2901897430 0 	!	 kodi2 1214187.0000000000 -152.5120000000 57.7317000000 30.6853103638 3764.7022592118
285 40.9325294495 -2.2758700848 0 	!	 kwaj 1597035.0000000000 167.7383000000 8.7367000000 2.0000000000 3755.3500996696
286 -1.2308499813 46.1366615295 0 	!	 LA38 1641063.0000000000 9.8576000000 44.0966000000 6.0910501480 2552.2938056736
287 -4.7526497841 48.3860588074 0 	!	 lali 543277.0000000000 -80.9064000000 -2.2177000000 2.0000000000 3532.3306775776
288 -2.8975799084 47.5627212524 0 	!	 lame2 126059.0000000000 -64.7242000000 18.3182000000 1.4947600365 2233.7177746219
289 123.7962265015 13.1524896622 0 	!	 lamu 1529547.0000000000 40.9000000000 -2.2667000000 61.0550918579 4185.0632531341
290 0.0692000017 49.4696388245 0 	!	 larp 144016.0000000000 -1.2206500000 46.1585000000 4.3389401436 2987.3721924360
291 116.0601501465 -8.6902303696 0 	!	 leco 1560396.0000000000 -4.7800000000 48.3600000000 11.3863096237 4714.3493914366
292 -1.8054499626 46.4885902405 0 	!	 lecy 430377.0000000000 -2.8951500000 47.5427000000 1.0840599537 1336.5836342294
293 177.4397277832 -17.5989208221 0 	!	 lega 1637280.0000000000 123.7581170000 13.1462140000 4.8368101120 681.8589775922
294 10.3087301254 43.5572395325 0 	!	 leha 1624936.0000000000 0.1059900000 49.4819000000 2.0000000000 1433.9551393579
295 -67.0684890747 17.9755191803 0 	!	 lemba 220405.0000000000 116.0722500000 -8.7309055560 2.0000000000 2412.7962796525
296 37.8434715271 -46.8815307617 0 	!	 leso 1590720.0000000000 -1.7937300000 46.4975000000 2.0000000000 2416.0184685424
297 -4.4510397911 36.7177810669 0 	!	 levu 1517323.0000000000 177.4383000000 -17.6049000000 2.0000000000 3097.4232931413
298 134.4492034912 7.3121299744 0 	!	 LI11 1541113.0000000000 10.2993388889 43.5462861111 332.9853820801 1790.2819381898
299 73.5230178833 4.1608600616 0 	!	 magi 1457511.0000000000 -67.0464000000 17.9701000000 287.1433105469 2967.0736425351
300 120.9451065063 14.5567598343 0 	!	 mais 1524809.0000000000 37.8667000000 -46.8667000000 17.6839408875 4016.4172842715
301 5.3509798050 43.2856407166 0 	!	 mal3 1029466.0000000000 -4.4170900000 36.7118400000 8.7168397903 721.6078975955
302 171.3976440430 7.1045899391 0 	!	 mala 1177540.0000000000 134.4502000000 7.3282000000 871.3641967773 2779.4951537814
303 -72.1123809814 -16.9886798859 0 	!	 Male2 1460702.0000000000 73.5251889000 4.1874556000 2.0000000000 1411.1644101050
304 -67.1891784668 18.1959896088 0 	!	 mani 1453328.0000000000 120.9716000000 14.5822000000 8.5581598282 4008.8327705129
305 10.2721900940 42.7407417297 0 	!	 mars 1103485.0000000000 5.3558000000 43.2911000000 2.0000000000 2772.8637647254
306 15.5541496277 38.1916198730 0 	!	 marsh 738135.0000000000 171.3725000000 7.1061000000 2.0000000000 968.7781135437
307 26.7513599396 38.4632492065 0 	!	 mata 1595285.0000000000 -72.1088000000 -17.0009000000 5.6293897629 4977.6300520565
308 139.8229827881 34.9339294434 0 	!	 maya 1067553.0000000000 -67.1588000000 18.2176000000 2.0000000000 1675.7991529906
309 -177.3829650879 28.2030200958 0 	!	 MC41 1238733.0000000000 10.2383333333 42.7426333333 2.5860500336 2679.1622590255
310 154.0085449219 24.2971000671 0 	!	 ME13 994530.0000000000 15.5635000000 38.1963000000 1104.5755615234 3484.4715379182
311 -104.2983398438 19.0586795807 0 	!	 ment 565951.0000000000 26.7166423798 38.4276885986 2.0000000000 310.4841466560
312 -67.9067230225 18.0806007385 0 	!	 mera 1635254.0000000000 139.8300000000 34.9200000000 2.0000000000 3497.5394840839
313 7.4289197922 43.7473907471 0 	!	 midx 260047.0000000000 -177.3560000000 28.2070000000 2.0000000000 2163.5596467371
314 -71.9316711426 41.0332298279 0 	!	 mins 1336896.0000000000 153.9783000000 24.2822000000 2.0000000000 2907.3838787548
315 -3.5197000504 36.7375717163 0 	!	 mnza 892161.0000000000 -104.3005333000 19.0605500000 2.0000000000 1958.2889629139
316 28.4465599060 36.8044509888 0 	!	 mona2 409861.0000000000 -67.9383000000 18.0900000000 63.3473396301 6639.6376238600
317 14.2928199768 40.8121986389 0 	!	 monc 413785.0000000000 7.4215800000 43.7286700000 71.0913314819 3647.0861496640
318 -61.3332214355 56.5370292664 0 	!	 mony 761753.0000000000 -71.9600000000 41.0483000000 51.0924797058 21307.1199026052
319 166.8809967041 -0.5493299961 0 	!	 motr 314832.0000000000 -3.5236000000 36.7202400000 1254.5092773438 3686.5098574323
320 -159.3218841553 21.9671401978 0 	!	 mrms 1343463.0000000000 28.3848457336 36.8379898071 58.0858192444 4089.2451207005
321 -165.4256591797 64.4757537842 0 	!	 NA23 157611.0000000000 14.2692000000 40.8397000000 19.4648399353 2704.0593992191
322 -51.7858886719 64.1836318970 0 	!	 nain 251477.0000000000 -61.6800000000 56.5500000000 298.9297485352 3481.7072057185
323 166.3851776123 -22.2485809326 0 	!	 nauu 548106.0000000000 166.9092000000 -0.5319000000 5.9441299438 2728.2241359904
324 141.7432556152 39.0316009521 0 	!	 nawi 274947.0000000000 -159.3600000000 21.9570000000 2.0000000000 1415.4289847754
325 14.4077596664 42.3542594910 0 	!	 nome 859809.0000000000 -165.4300000000 64.5000000000 2.0000000000 611.3822723390
326 18.4816894531 40.1564903259 0 	!	 nuk1 277222.0000000000 -51.7198130000 64.1713012000 2.0000000000 1711.7526475363
327 -0.2374799997 49.3185882568 0 	!	 numb2 979940.0000000000 166.4116000000 -22.2466000000 6.4983000755 4441.6570090481
328 13.3802499771 38.1250190735 0 	!	 ofun 1007163.0000000000 141.7500000000 39.0200000000 27.9865207672 880.2729897733
329 -134.6281890869 56.2689590454 0 	!	 OR24 1500884.0000000000 14.4148611111 42.3559000000 50.7193794250 2726.3962040318
330 -134.6281890869 56.2689590454 0 	!	 OT15 1500884.0000000000 18.4969000000 40.1464000000 50.7193794250 2726.3962040318
331 -170.6905364990 -14.3093700409 0 	!	 ouis 1350368.0000000000 -0.2490300000 49.2793600000 13.6425895691 3643.9048837580
332 2.6338400841 39.5283393860 0 	!	 PA07 899583.0000000000 13.3713000000 38.1214000000 24.7722606659 3550.9218884169
333 -22.9961490631 16.7453994751 0 	!	 paak 1451070.0000000000 -134.6467000000 56.2467000000 178.4145965576 1735.3377808375
334 -149.5556945801 -17.5605697632 0 	!	 paak2 1150321.0000000000 -134.6467000000 56.2467000000 325.2052917480 3641.8693892238
335 -25.6600799561 37.7588806152 0 	!	 pago 1253460.0000000000 -170.6907000000 -14.2766000000 2.0000000000 3657.9711766922
336 13.5132398605 37.2699317932 0 	!	 palm 824701.0000000000 2.6374800000 39.5601500000 11.8430004120 2132.0510198756
337 23.6282997131 37.9437599182 0 	!	 palm1 1649271.0000000000 -22.9833000000 16.7550000000 9.9195499420 1180.3814029635
338 -158.0746307373 -9.0157499313 0 	!	 pape2 1614092.0000000000 -149.5731650000 -17.5323700000 1870.6114501953 3070.0306536929
339 15.2739601135 40.0316886902 0 	!	 pdas 867864.0000000000 -25.6800000000 37.7300000000 18.1054592133 227.8630046791
340 -57.5593299866 -38.0250091553 0 	!	 PE09 443281.0000000000 13.5268400000 37.2857600000 2.0000000000 3311.7255839308
341 -162.0893859863 5.8919200897 0 	!	 peir 1645238.0000000000 23.6212170000 37.9347330000 74.4361572266 224.0456586046
342 -72.9825820923 -41.5091781616 0 	!	 penr 1377605.0000000000 -158.0510000000 -9.0010000000 6.5197100639 3246.9571285933
343 -87.2270278931 30.3839702606 0 	!	 PL14 1642939.0000000000 15.2752916667 40.0299111111 7.0012397766 2560.2875096072
344 12.9918298721 40.8887481689 0 	!	 plat2 1172766.0000000000 -57.5385055600 -38.0001527800 94.3322525024 2318.7180224448
345 141.6544647217 -38.3233413696 0 	!	 plmy 98780.0000000000 -162.0900000000 5.8900000000 19.0148906708 4234.2932925406
346 -1.0659600496 45.5796318054 0 	!	 pmon2 1630435.0000000000 -72.9608580000 -41.4849310000 10.6478395462 1284.0981257900
347 -61.7491302490 11.9867095947 0 	!	 pnfl 847334.0000000000 -87.2120000000 30.4030000000 7.2166299820 2689.0016962243
348 -148.5632934570 70.3834915161 0 	!	 PO40 1643000.0000000000 12.9655888889 40.8951777778 2.0000000000 2051.4593687309
349 -89.4064178467 28.9066905975 0 	!	 porl 1458208.0000000000 141.6132000000 -38.3434000000 12.2833003998 2781.0542664344
350 8.3666696548 40.8305206299 0 	!	 port 587813.0000000000 -1.0615700000 45.5685000000 2.0000000000 3390.6785412550
351 92.7680206299 11.6803197861 0 	!	 pric 278918.0000000000 -61.7648280000 12.0053920000 45.3208694458 874.1092787896
352 3.0436100960 42.9961204529 0 	!	 prud 1529461.0000000000 -148.5100000000 70.3880000000 2.0000000000 1544.9711282000
353 -70.2460098267 43.6652908325 0 	!	 psla 1154247.0000000000 -89.4067000000 28.9317000000 2.0000000000 967.5419317354
354 -70.6775665283 19.8018703461 0 	!	 PT17 246716.0000000000 8.4039000000 40.8422000000 7.0455398560 2580.1800491244
355 3.1022899151 42.5403213501 0 	!	 ptbl 1476727.0000000000 92.7600000000 11.6800000000 26.3863697052 2286.1251508809
356 -46.0867805481 60.7377700806 0 	!	 ptln 815371.0000000000 3.0372000000 43.0092000000 2.0000000000 3599.4659383800
357 114.2017288208 22.1838397980 0 	!	 ptme 1571055.0000000000 -70.2466000000 43.6566000000 20.1920700073 11987.6740153008
358 -84.1882019043 9.4341001511 0 	!	 ptpl 905130.0000000000 -70.7020110000 19.7987940000 14.7211999893 2194.0427359597
359 12.2751703262 44.4927482605 0 	!	 ptve 1482850.0000000000 3.1073300000 42.5201000000 2.0000000000 620.5157943837
360 -159.7656250000 -21.2159404755 0 	!	 qaqo 1540930.0000000000 -46.0350000000 60.7176000000 2.0000000000 2527.0429196737
361 15.6236801147 38.1374015808 0 	!	 quar 699505.0000000000 114.2133333000 22.2911111000 358.4335937500 2813.0581336416
362 -3.9961199760 48.7254905701 0 	!	 quepo 1515616.0000000000 -84.1702000000 9.4255000000 0.6721699834 2369.0077152040
363 -61.3956985474 15.3309097290 0 	!	 RA10 304270.0000000000 12.2829361111 44.4920750000 80.5987319946 2021.5430746515
364 14.7096204758 40.6479492188 0 	!	 raro 490863.0000000000 -159.7830000000 -21.2000000000 2.0000000000 4718.7381645390
365 95.3162307739 5.8549299240 0 	!	 RC09 186321.0000000000 15.6489166667 38.1217194444 2.0000000000 3057.7419039180
366 -0.1775300056 39.6393585205 0 	!	 rosc 1287959.0000000000 -3.9655555556 48.7186111111 26.6299400330 2531.7729154054
367 -2.2634398937 47.1878204346 0 	!	 rose 965180.0000000000 -61.3891833000 15.3138500000 4.7017498016 9347.0838417258
368 145.7445678711 15.2051200867 0 	!	 SA16 1645765.0000000000 14.7508388889 40.6766416667 2.0000000000 2409.5922442395
369 53.9889602661 16.9415302277 0 	!	 saba 94350.0000000000 95.3333000000 5.8333000000 2.0000000000 2021.8850858222
370 -38.5423202515 -12.9427099228 0 	!	 sagu 179533.0000000000 -0.2062400000 39.6339200000 15.0056800842 3901.8330785548
371 -3.8024299145 43.4792098999 0 	!	 sain 1014234.0000000000 -2.2000000000 47.2600000000 2.0000000000 2202.9292262715
372 -81.7191696167 12.5499000549 0 	!	 saip 253819.0000000000 145.7416000000 15.2266000000 2.0000000000 2902.6938279902
373 -80.0815734863 -26.2929496765 0 	!	 sala 1315747.0000000000 54.0067000000 16.9350000000 2.0000000000 2690.3600573774
374 -66.0833816528 18.4535694122 0 	!	 salv 476561.0000000000 -38.5166670000 -12.9673330000 1.7444700003 3628.6767434808
375 13.0161199570 37.4870185852 0 	!	 san2 1457034.0000000000 -3.7907600000 43.4613000000 16.5290298462 5668.3350713780
376 -1.6398199797 43.3845405579 0 	!	 sana 981487.0000000000 -81.7014920000 12.5694890000 2.0000000000 3579.5782950970
377 3.7007799149 43.3648185730 0 	!	 sanf3 1656203.0000000000 -80.1085480000 -26.2922150000 22.5836906433 3647.6258205900
378 -149.3272247314 59.9931983948 0 	!	 sanj 717466.0000000000 -66.1167000000 18.4617000000 123.0643692017 15044.7898264664
379 18.9730606079 63.1743392944 0 	!	 SC43 1072420.0000000000 13.0764555556 37.5045416667 56.7342109680 2676.9508500066
380 17.6003608704 42.7643890381 0 	!	 scoa 1406384.0000000000 -1.6816200000 43.3952000000 45.2459411621 3562.3580154235
381 9.4228801727 41.8410606384 0 	!	 sete 1441453.0000000000 3.6991100000 43.3976000000 40.9774284363 4107.8315173654
382 159.9670867920 -9.4071197510 0 	!	 sewa 1284955.0000000000 -149.4270000000 60.1190000000 172.7275543213 2735.1197096882
383 16.4756698608 43.2164611816 0 	!	 skagk 1207893.0000000000 19.0125000000 63.1905560000 1.9773299694 9038.1806304981
384 -5.7114000320 -15.9445104599 0 	!	 sobr 26242.0000000000 17.6200000000 42.7930000000 2.0000000000 2974.2251006517
385 18.3943004608 59.2058296204 0 	!	 sole 1197934.0000000000 9.3738000000 41.8358000000 2.0000000000 22095.9375906605
386 -2.0113101006 48.6701087952 0 	!	 solo 1499920.0000000000 159.9555000000 -9.4289000000 4.6948800087 3398.8242849249
387 120.2178802490 14.7260503769 0 	!	 stari 1343772.0000000000 16.5760000000 43.1810000000 57.2716407776 12291.3847924246
388 39.6693916321 -68.9948272705 0 	!	 sthl2 1548804.0000000000 -5.7143940000 -15.9179180000 107.3597793579 4203.6705143407
389 24.9318504333 37.4046401978 0 	!	 sthm 1642122.0000000000 18.0819440000 59.3241670000 2.0000000000 3798.3097207529
390 -81.2690200806 -4.5978798866 0 	!	 stma 91567.0000000000 -2.0280000000 48.6416000000 2.0000000000 2534.9970481834
391 172.9042358398 1.3377699852 0 	!	 subi 1126852.0000000000 120.2833000000 14.8167000000 414.3414611816 3970.4484623170
392 17.2243690491 40.4451904297 0 	!	 syow 67650.0000000000 39.5702780000 -69.0077780000 5.8399801254 3423.9747931527
393 1.1742500067 41.0938491821 0 	!	 syro 1295521.0000000000 24.9411000000 37.4380000000 2.0000000000 3663.4616977585
394 33.8386802673 36.2476196289 0 	!	 tala 734618.0000000000 -81.2798500000 -4.5778000000 36.8025016785 3769.7004097240
395 5.3080902100 53.4417304993 0 	!	 tara 1627567.0000000000 172.9300000000 1.3625000000 10.0340003967 2251.1945251818
396 -1.7272200584 4.9091901779 0 	!	 tara1 994982.0000000000 17.2214000000 40.4759000000 11.1077995300 3595.3438086143
397 5.9046697617 43.1235198975 0 	!	 tarr 167960.0000000000 1.2132500000 41.0789700000 2.0000000000 976.9630598204
398 137.2422027588 36.7434082031 0 	!	 tasu 274031.0000000000 33.8362274170 36.2814636230 2.0000000000 2704.9394165736
399 13.7284297943 45.6799316406 0 	!	 ters 894243.0000000000 5.3328043352 53.4278341365 7.3033699989 3561.3120639962
400 -3.4252200127 47.6178398132 0 	!	 tkdi 1644078.0000000000 -1.7449720000 4.8821230000 2.0000000000 3329.1190936896
401 -146.7763824463 60.9477806091 0 	!	 toul 1568657.0000000000 5.9130600000 43.1172200000 270.5104980469 29768.9446643601
402 -0.3063400090 39.4179115295 0 	!	 toya 1105360.0000000000 137.2200000000 36.7600000000 13.3325395584 2715.2058221757
403 -71.6278228760 -33.0041389465 0 	!	 TR22 1516119.0000000000 13.7561000000 45.6544000000 98.8396606445 2616.6802293450
404 168.2958526611 -17.7475605011 0 	!	 tudy 1424027.0000000000 -3.4470570000 47.6439130000 2.0000000000 1521.4291356553
405 12.4589700699 45.4211387634 0 	!	 vald2 318295.0000000000 -146.3620000000 61.1250000000 8.5191402435 2552.7894700019
406 -64.3595428467 -65.2602233887 0 	!	 vale 1166047.0000000000 -0.3112800000 39.4420300000 84.5356292725 4319.9228776380
407 16.1660003662 41.9169502258 0 	!	 valp2 1524099.0000000000 -71.6278727500 -33.0276712800 13.4203796387 3336.6949328340
408 -65.4923782349 18.1117191315 0 	!	 vanu 1501804.0000000000 168.3077000000 -17.7553000000 2.0000000000 2973.5402312873
409 -8.8641099930 42.5325202942 0 	!	 VE19 136972.0000000000 12.4265280000 45.4182190000 4.2020001411 10809.8473515602
410 83.2789611816 17.6619606018 0 	!	 vern 894436.0000000000 -64.2700000000 -65.2500000000 2.0000000000 2008.9067531744
411 166.6330261230 19.2992401123 0 	!	 VI12 771925.0000000000 16.1770111111 41.8880833333 11.9443798065 1882.1614164327
412 12.0648002625 54.1472816467 0 	!	 vieq 1185881.0000000000 -65.4714000000 18.0939000000 2.0000000000 3538.4500208714
413 174.7579345703 -41.3138389587 0 	!	 vil2 209714.0000000000 -8.7700300000 42.6007100000 2.0000000000 3698.6509127828
414 -89.3140182495 30.3169403076 0 	!	 vish 1241751.0000000000 83.2800000000 17.6800000000 0.6349400282 1544.4328524169
415 -157.4948120117 1.9673000574 0 	!	 wake 1038826.0000000000 166.6180000000 19.2900000000 404.9532470703 3053.4833135185
416 -65.8243789673 18.0749092102 0 	!	 warn 1349261.0000000000 12.1033330000 54.1697220000 2.0000000000 2383.7770992894
417 174.7579345703 -41.3138389587 0 	!	 wlgt 209714.0000000000 174.7790967000 -41.2846217000 2.0000000000 3698.6509127828
418 -89.3140182495 30.3169403076 0 	!	 wlms 1241751.0000000000 -89.3258000000 30.3264000000 0.6349400282 1544.4328524169
419 -157.4948120117 1.9673000574 0 	!	 xmas 1038826.0000000000 -157.4730000000 1.9840000000 404.9532470703 3053.4833135185
420 -65.8243789673 18.0749092102 0 	!	 yabu 1349261.0000000000 -65.8330000000 18.0551000000 2.0000000000 2383.7770992894
