1 420
0 31536000 400
-65.8834000341 -47.7821689976 1 dese
-64.9666859046 -42.7877267429 2 madry
147.447711021 -43.042490154 3 bapj
122.2322040404 -18.0347730837 4 brom
145.9243419409 -41.0599596247 5 barn
117.8494090202 -15.0951183924 6 djve
130.8331295442 -12.4039980503 7 bork
150.9209590825 -34.4812521443 8 darw
114.1745607423 -21.8317979045 9 boul
150.7756371802 -23.1575179397 10 pkem
148.0008555827 -42.5245870465 11 pmur
133.6690147079 -32.2030598184 12 ross
142.235584654 -10.5283390734 13 sprg
2.9122717256 51.2415260945 14 thev
-48.5949245773 -1.3136634367 15 trst
-125.2504030117 48.8184888822 16 oste
-52.6703240214 47.537105494 17 bele
-123.2767861457 48.6146814475 18 bamf
-69.453776548 -52.4495343543 19 stjo
-57.8868430106 -63.3111813697 20 vhbc
-70.817991373 -27.0534227647 21 greg
-71.3631472996 -29.9416173237 22 ohig3
-73.485842764 -39.8751670903 23 cald
-71.5521557363 -32.1521437962 24 coqu
-71.6407765334 -30.240979032 25 corr
-73.5512481536 -45.1480210809 26 pich
-67.7522471637 -55.251671127 27 ptal
-71.5467789633 -32.7790810544 28 pcha
-73.0499203751 -36.5876477957 29 pwil
-73.1511029049 -36.6892421464 30 qtro
178.4643697566 -18.1570406417 31 quir
-1.6712412915 49.6650099016 32 talc
45.2638772491 -12.7688210048 33 viti
-2.2995146692 47.0073998667 34 cher
167.8737243539 -21.5495753337 35 dzao
-140.0850646601 -8.9407629898 36 herb
-2.8176394605 48.6441836308 37 mare
-2.8176394605 48.6441836308 38 nuku
-149.4829593431 -23.3383387117 39 stqy
8.7578164399 53.8525202482 40 stqy2
7.9115840512 54.1987556894 41 tubua
8.2720150578 54.7674510108 42 cuxh
21.7522400385 38.2899367517 43 helg
12.567322207 35.4667592663 44 horn
131.4052218763 31.565785457 45 itea
139.8842467623 40.6355392992 46 LA23
132.0216109 34.8796054148 47 abur
145.5709273021 43.2796576705 48 fuka
124.1514777959 24.3304681702 49 hmda
135.7172805624 33.4745017535 50 hana
144.3514476078 42.9934948731 51 ishig
129.9211020148 32.6951358356 52 kusm
127.6825444552 26.2459181271 53 kush
138.200596944 34.5950330304 54 naga
138.5460551832 38.3378903936 55 naha
133.3444377953 36.1899177006 56 omae
133.0213178048 32.7516704358 57 sado
141.7196354061 45.4033412278 58 saig
-171.7250317327 -2.8203203246 59 tosa
-96.1099157189 15.7361606507 60 waka
171.4425375878 -41.8906398174 61 kant
16.1736115359 69.2930049836 62 huat
26.0944951724 70.9522208102 63 chst
4.8809799898 61.955683147 64 ande
11.2551223637 64.9405588369 65 honn
7.5709515794 57.9790411245 66 malo
31.0194497689 70.405885884 67 rorv
125.7861014612 7.0522334638 68 treg
-176.4255047999 -9.535322248 69 vard
-17.9036356487 27.7679670618 70 davo
-13.8561452 28.4783256879 71 dapi
-8.4726103403 43.364703577 72 hie2
17.017542119 58.5406857486 73 fue2
18.163562349 60.5451856627 74 coru
21.2413195503 64.8666272131 75 arko
11.609235136 57.7312799613 76 fors
20.323299032 63.6460311153 77 furu
23.1215342597 65.7102413393 78 gokr
14.917049125 56.0855832195 79 holm
12.9206176215 55.5156868822 80 kalit
15.5845860832 56.0483478915 81 karl
11.0068830011 59.0200403597 82 klag
17.816780886 58.7933416199 83 kung
17.0532683865 57.3654079095 84 kungr
16.4874534114 57.2671460786 85 land
17.1949364533 58.6533119921 86 olan
20.8726682318 63.976670381 87 oska
16.6628318653 57.3993031803 88 oxel
14.3494845029 55.5694239039 89 rata
11.1970585814 58.3450405062 90 simp
17.5975131129 62.3597914767 91 simr
18.2552872904 57.6207708873 92 smog
39.152026276 -6.1368141635 93 spik
-175.1803714108 -21.1375128653 94 visb
26.7075425204 40.5415169907 95 zanz
30.6136102119 36.8264284811 96 nkfa
26.6654191948 40.630829433 97 amas
26.7075425204 40.5415169907 98 anta
-2.0421661443 57.1323370024 99 igne
-5.6702441214 54.6697496657 100 sile
1.294640025 52.9399866704 101 abed
1.3526232801 51.126451469 102 bang
1.3520261782 51.9520247093 103 crom
-2.9124627713 54.0144647035 104 dove
-4.6946102236 53.2840547048 105 harw
-4.0982739429 51.2172471769 106 heys
-5.1262369284 58.4376094224 107 holy2
-3.1311294176 55.9728232491 108 ilfa
-1.0445335622 60.1598004934 109 kinl
-3.105122875 53.4263793459 110 leit
1.7395277209 52.4406009327 111 lerw2
-5.1029133557 51.6608242919 112 live
-4.890058072 55.6878226112 113 lowe
-4.0176023872 51.5566358431 114 mhav
0.0965630527 50.7627180281 115 mill
-5.5591458827 50.0538904559 116 mumb
-3.0104539743 51.5201788861 117 nhav
-1.3761890565 55.009666505 118 newl2
-4.2846283236 50.3491489946 119 npor
-5.0898463265 54.8185491294 120 nshi
-6.6719967463 55.205829364 121 plym
-0.975795685 50.7296427497 122 porp
0.729550447 51.4451911738 123 prus
-6.3617575953 58.18881752 124 ptmt
-0.653678741 54.5033240185 125 shee
-3.045456421 58.4659666524 126 stor
-3.5570899351 54.6737528377 127 whit
-122.488288808 37.8006904831 128 wick
-123.7048294583 38.8949801892 129 work
-123.9772894747 46.1657943059 130 alam
-174.0440659026 52.2134568873 131 aren
-74.4405000602 39.3465938814 132 asto
-76.4580018274 38.8251527583 133 atka
-68.0773016103 44.2975477714 134 acnj
-76.7087598141 34.689998843 135 bamd
-70.948185337 42.3548396299 136 bame
-73.103630074 41.1670449057 137 benc
-64.9280737204 18.3187661121 138 boma
-123.1809411407 48.5782788683 139 bgct
-82.835172407 27.9629715621 140 amal
-124.1769691428 41.7391414484 141 chrp
153.9620025538 11.8185263322 142 cwfl
171.9273543723 50.0197277738 143 cres
-75.7421267801 36.1770668556 144 dkwa
-166.5968159073 53.9880887412 145 datu
-136.5462838602 58.179165758 146 dpnc
-122.488288808 37.8006904831 147 dutc
144.6132940809 13.4451306659 148 elak
-155.0846331126 19.7368431568 149 fpnt
-156.4902636035 20.9284376368 150 guam
-155.8308740353 20.025754781 151 hilo
-81.8050896858 24.5821672197 152 kahu
-117.2597256936 32.8901708224 153 kawa
-64.7266148475 17.6960028043 154 kwfl
144.7917749752 13.4202145852 155 lajo
-120.7911583375 35.173332267 156 lime
-160.5237680709 55.3489104761 157 pagb
-135.4768770914 57.039458525 158 pslu
-124.184491822 46.8839353787 159 sdpt
-70.7318715822 41.5106295061 160 sitk
-139.8297504845 59.5190857282 161 wpwa
79.8383558201 6.9203098544 162 wood
-177.3573171125 -35.8400774987 163 yaku
-130.3564793077 54.2569262446 164 colo
144.2633251691 44.0422096103 165 dnze
-89.8428216426 13.5899918489 166 prin2
-99.9350729017 16.811127266 167 abas
-176.769578148 51.8677510928 168 acaj
-176.769578148 51.8677510928 169 acap2
8.6640428344 41.9002986147 170 adak
-0.5052720021 38.3234445628 171 adak2
-154.3072817664 56.8745352667 172 ajac
-2.4616204771 36.8250595559 173 alac2
13.5244936345 43.6291342 174 alak2
-150.0440077383 61.2421923599 175 alme
-70.4281327879 -23.683508355 176 AN15
-84.8792353903 29.6469015787 177 anch2
-91.3756612162 29.4456974926 178 anto2
-66.7096980805 18.4766294025 179 apfl
-1.2567235026 44.6987245574 180 apla
-70.3390516648 -18.4751919097 181 aracS
35.8763238695 36.4388349475 182 arca
-4.5340901994 48.0029970475 183 aric2
12.5987308382 41.4661448494 184 arsu
16.8870310899 41.1274973257 185 audi
2.1682828337 41.351048104 186 AZ42
115.2308193569 -8.7793623138 187 BA05
-3.0254404977 43.3487973377 188 barc
57.7201187842 -20.4308172147 189 beno
-6.4219173926 36.8309025553 190 bil3
6.7453100318 53.5861606577 191 blueb
1.5647491217 50.715904338 192 bon2
32.982699098 36.0841419335 193 djve
-4.6275557906 48.271903274 194 bork
-158.1311987748 21.3333645782 195 darw
-73.9310877542 40.510309952 196 boul
-68.9630283468 12.2033511789 197 bozy
9.1091585603 39.2075065448 198 bres
-77.1472144009 -12.0917638128 199 brpt
-1.8941455211 36.9869590023 200 btny2
-9.4418216522 38.6884740131 201 bull
-76.2804987819 38.5880093633 202 CA02
9.3418700426 42.9700499281 203 call
15.9245801819 39.5154323383 204 carb
8.31105241 39.1931752184 205 casc
142.2238441752 27.0991924909 206 cbmd
105.6496011375 -10.4431733584 207 cent
91.7609563758 22.3242471009 208 CETR
151.8782787355 7.4454101945 209 CF06
11.7984220276 42.0786308721 210 chij
109.0258144404 -7.7304582808 211 chrs
-74.9685886892 38.9757220555 212 chtt
96.8907882353 -12.0823396473 213 chuu
76.2333511166 9.9787446143 214 CI20
-3.9203802022 47.8641401678 215 cili
-145.7419511121 60.4684526331 216 cmnj
-93.3230022997 29.7621129138 217 cocb
17.1457224222 39.0598312497 218 coch
15.1226174394 37.5260492987 219 conc
-67.1827101526 44.6582408807 220 cord
-17.3875991144 14.6788857922 221 cpla
-169.8532450854 49.5703936639 222 CR08
158.1644090595 6.9807858888 223 CT03
6.880319657 53.447621325 224 cwme
4.7120783757 52.9384478542 225 dakar
1.0696004156 49.9324890036 226 dchu
1.0696004156 49.9324890036 227 deke
-148.6331232284 55.4869541692 228 delf
-129.4665585224 48.9175013287 229 denh
-157.07569199 52.5345897292 230 diep
2.3284617823 51.0607762568 231 diep2
-109.4354574994 -27.1270765225 232 dkod
-78.9202371814 9.5462298652 233 dsea
-66.9223507112 44.8672566418 234 dshu
34.2647287761 36.5467335266 235 dunk
121.8992009117 -33.8842940701 236 east2
3.2572516595 52.0286163186 237 elpo
-65.6196076578 18.3071424573 238 epme
-81.4238828577 30.6780309077 239 erdem
147.0634125634 -19.268392667 240 espe
6.9269405435 43.4609820072 241 euro
-81.9458157664 26.4402433414 242 faja
179.2006830988 -8.5186773318 243 fbfl
-38.4568141482 -3.722688406 244 ferg
-80.835672452 32.0041774641 245 figu
-166.2431353595 23.8696152736 246 fmfl
-61.1116663874 14.6063371206 247 fong
13.5606913425 41.2030923195 248 fort
-134.976660137 -23.0947586964 249 fpga
-0.1352334538 38.9790064324 250 fren
73.1418697727 -0.6977165061 251 ftfr
72.4095112545 -7.3006703098 252 GA37
8.8970338206 44.3949748934 253 gamb
15.1404102024 38.787301721 254 gand
-5.33764723 36.1145116756 255 ganm
-5.6745507694 43.5491616829 256 garc
-89.9303767584 29.2674813141 257 GE25
25.9119652274 40.2416293612 258 GI20
-94.7613281596 29.3046886112 259 gibr3
140.7637544293 41.7674613392 260 gij2
73.2033085608 6.7757190778 261 gila
5.4103437326 53.182503533 262 gokc
115.7344833512 -31.8334184572 263 gptx
-138.9843597158 -9.814146477 264 hako
4.1245211861 52.0038861674 265 hani
-1.1575742268 46.0251526556 266 harl
25.7735353125 34.9943904099 267 hill
15.4737377264 42.0982270392 268 hiva
168.604139609 -43.9616981852 269 hoek
-2.149510717 49.1917009918 270 iaix
-169.5422820451 16.7094505765 271 iera
-78.8698711776 -33.6417492992 272 IT45
22.1258032105 36.9954355632 273 jack
154.8251318975 1.0670837642 274 jers
67.0122258722 24.8067797925 275 john
21.2958612942 37.6786885284 276 juan
70.3527080431 -49.4568424529 277 kala
70.3527080431 -49.4568424529 278 kapi
10.2795211305 54.4734381883 279 kara
-152.3878236759 57.6881885748 280 kata
167.7112268612 8.7397995671 281 kerg
9.8033420773 44.0572073627 282 kerg2
-80.9285692267 -2.2115804471 283 kiel
-64.7458743392 18.3158075796 284 kodi2
40.9144289222 -2.3241942162 285 kwaj
-1.2533385626 46.1383960472 286 LA38
-4.7809674936 48.3471906954 287 lali
-2.9004699834 47.4597973274 288 lame2
123.8905207419 13.1522002497 289 lamu
0.0860212397 49.4910696571 290 larp
116.0469247711 -8.7273174658 291 leco
-1.7780148908 46.4841471824 292 lecy
177.4180773127 -17.6291197976 293 lega
10.3035978041 43.5792154345 294 leha
-67.0129346618 17.9558168193 295 lemba
37.8610673705 -46.8589189552 296 leso
-4.4294623689 36.698438875 297 levu
134.4358013141 7.2938045054 298 LI11
73.5597657778 4.1639001308 299 magi
120.9524600999 14.5976765565 300 mais
5.2772456439 43.3035985046 301 mal3
171.3752284849 7.1076277369 302 mala
-72.0948994625 -17.0163659013 303 Male2
-67.1608623879 18.1986906384 304 mani
10.2459031947 42.7434746869 305 mars
15.5292030417 38.12696278 306 marsh
26.6315335667 38.5214373616 307 mata
139.8125336336 34.8937645327 308 maya
-177.3515911483 28.1767625083 309 MC41
154.0988116456 24.1479960044 310 ME13
-104.3267033163 19.0142022357 311 ment
-67.9652035501 18.0965146819 312 mera
7.4139503007 43.7227100767 313 midx
-71.9712147272 41.0468107883 314 mins
-3.6039645012 36.7383300624 315 mnza
28.4143500736 36.7915467994 316 mona2
14.2348473418 40.8258218949 317 monc
-61.0920238761 56.5263479765 318 mony
166.8870176424 -0.5450666506 319 motr
-159.361910056 21.926999271 320 mrms
-165.4140993597 64.4917682774 321 NA23
-52.0979082413 64.164261652 322 nain
166.3583566238 -22.2810120871 323 nauu
141.8279476812 39.0517776652 324 nawi
14.402639107 42.3734728067 325 nome
18.4921275302 40.1620320245 326 nuk1
-0.2165829738 49.2899681901 327 numb2
13.3887601146 38.153020174 328 ofun
-134.6307226394 56.2725974819 329 OR24
-134.6307226394 56.2725974819 330 OT15
-170.6973366138 -14.2917620557 331 ouis
2.6481438095 39.5197318306 332 PA07
-22.9872556332 16.7484201591 333 paak
-149.5494013153 -17.5202690741 334 paak2
-25.6594011636 37.7333938956 335 pago
13.5104644739 37.2849672152 336 palm
23.6185609723 37.8869812572 337 palm1
-158.0459336458 -8.9891048074 338 pape2
15.2766349484 40.0530247456 339 pdas
-57.5395680183 -37.9923440199 340 PE09
-162.0758639457 5.8748018891 341 peir
-72.9561690601 -41.5107115116 342 penr
-87.1885281578 30.3178941814 343 PL14
12.9816070748 40.919041283 344 plat2
141.617876397 -38.3453979832 345 plmy
-1.1256853156 45.5290621965 346 pmon2
-61.785005511 12.0197769494 347 pnfl
-148.481550942 70.370752545 348 PO40
-89.378588161 28.9426134314 349 porl
8.3774035725 40.8433033495 350 port
92.7683567363 11.7094635359 351 pric
3.0574483091 42.9854019558 352 prud
-70.1781805459 43.6708262498 353 psla
-70.6977246496 19.8104938108 354 PT17
3.1371870046 42.4892050015 355 ptbl
-46.1130422786 60.5865959027 356 ptln
114.205094358 22.2067574086 357 ptme
-84.1884387977 9.4403689182 358 ptpl
12.289972948 44.5054075833 359 ptve
-159.7778635463 -21.1950455157 360 qaqo
15.6264804467 38.0940672304 361 quar
-4.0358087804 48.7543130148 362 quepo
-61.4042493332 15.3104390697 363 RA10
14.7193005492 40.6034143082 364 raro
95.3497168818 5.8260712008 365 RC09
-0.2461729 39.6230104511 366 rosc
-2.2793489018 47.1945634158 367 rose
145.7243324129 15.2277580844 368 SA16
54.0351097281 16.900779028 369 saba
-38.5388547354 -12.9840867584 370 sagu
-3.7585458802 43.4641753729 371 sain
-81.6824010033 12.5852551835 372 saip
-80.1019427246 -26.2417718661 373 sala
-66.1112899136 18.4759839723 374 salv
13.0720028184 37.4983054083 375 san2
-1.6591481053 43.410497402 376 sana
3.7290646535 43.4102201919 377 sanf3
-149.5543577419 59.9005797085 378 sanj
18.9549374697 63.2125730758 379 SC43
17.5819864416 42.7165909617 380 scoa
9.4015846082 41.875420296 381 sete
159.9693129062 -9.4283857907 382 sewa
16.6165802591 43.1252519314 383 skagk
-5.7404997808 -15.9296300453 384 sobr
18.451739762 58.9669435701 385 sole
-1.9949519355 48.6714497887 386 solo
120.1750545362 14.7375094076 387 stari
39.4571260268 -69.0278538911 388 sthl2
24.8773649006 37.4376586448 389 sthm
-81.3016705079 -4.5992391313 390 stma
172.9030678204 1.3514027217 391 subi
17.1644045946 40.4976293088 392 syow
1.217595131 41.0981920626 393 syro
33.8917761128 36.2314472088 394 tala
5.3672436884 53.4267576759 395 tara
-1.7389198858 4.9108585977 396 tara1
5.9465272519 43.0340588341 397 tarr
137.1871472221 36.7641670631 398 tasu
13.7194609663 45.6797058997 399 ters
-3.4253210669 47.6456942554 400 tkdi
-146.9052743931 60.8873944603 401 toul
-0.322533624 39.3996078369 402 toya
-71.6675515982 -33.0388771773 403 TR22
168.2996157229 -17.7839124768 404 tudy
12.4385932467 45.4296768262 405 vald2
-64.2880411392 -65.2627279202 406 vale
16.1755747125 41.8969264056 407 valp2
-65.4617379675 18.0828089693 408 vanu
-8.9094829716 42.4557824318 409 VE19
83.2721227655 17.6482735317 410 vern
166.5262387674 19.274255761 411 VI12
12.0719972926 54.183325883 412 vieq
174.784957178 -41.3515380442 413 vil2
-89.3086503088 30.2955354962 414 vish
-157.4884858416 2.0043768103 415 wake
-65.8650823934 18.0010447545 416 warn
174.784957178 -41.3515380442 417 wlgt
-89.3086503088 30.2955354962 418 wlms
-157.4884858416 2.0043768103 419 xmas
-65.8650823934 18.0010447545 420 yabu
