1 420
0 31536000 400
-65.8209294222 -47.7220535468 1 dese
-64.7244751908 -43.1586384858 2 madry
147.4531201771 -43.2413504748 3 bapj
122.120743124 -18.030853219 4 brom
145.9307131108 -41.0481191711 5 barn
117.8842634853 -15.0346367155 6 djve
130.8190063454 -12.3887269789 7 bork
150.8964076681 -34.5317995395 8 darw
114.2680006479 -21.8387424731 9 boul
150.782781059 -23.1424808971 10 pkem
147.9279721276 -42.5706593801 11 pmur
133.5749786783 -32.3476146968 12 ross
142.1753623758 -10.5365842033 13 sprg
2.8817290979 51.2380994866 14 thev
-48.1837986041 -0.786329085 15 trst
-125.1514350937 48.75372305 16 oste
-52.6461481657 47.6374997064 17 bele
-124.8525845228 48.6473503991 18 bamf
-68.7262373525 -52.5584765504 19 stjo
-57.9549542576 -63.2711679726 20 vhbc
-70.8276512747 -27.0077687351 21 greg
-71.5186451986 -29.9595648454 22 ohig3
-73.4133620064 -39.7780576007 23 cald
-71.5677419021 -32.1608805078 24 coqu
-71.6859441596 -30.3129701291 25 corr
-74.422741863 -45.235721085 26 pich
-67.0626046548 -55.1838525389 27 ptal
-71.5193955703 -32.7538258112 28 pcha
-72.9865393752 -36.6422576667 29 pwil
-72.9865393752 -36.6422576667 30 qtro
178.2961833133 -18.1866340109 31 quir
-1.5858201643 49.6716708079 32 talc
45.2289000315 -12.7244991408 33 viti
-2.3299280027 46.9846781293 34 cher
167.9292817581 -21.620891226 35 dzao
-139.9901573153 -8.9112810003 36 herb
-2.9036064654 48.7178793329 37 mare
-2.9036064654 48.7178793329 38 nuku
-149.5412537315 -23.4454632045 39 stqy
8.5209942404 53.7929136963 40 stqy2
7.9568320105 54.1341491208 41 tubua
8.2653126756 54.8547156082 42 cuxh
8.2366300099 53.6071998882 43 helg
-1.5928429686 43.4725795862 44 horn
131.4057152752 31.5010559471 45 itea
139.8856160197 40.6549032788 46 LA23
132.0552670712 34.9232294254 47 abur
145.5763753932 43.2554866045 48 fuka
124.1218042553 24.3954933787 49 hmda
135.7317076743 33.4605815718 50 hana
144.343377301 42.9807524901 51 ishig
129.7948209068 32.4567693649 52 kusm
127.6631302425 26.2377561734 53 kush
138.2329711976 34.705417479 54 naga
138.5108925257 38.2132640483 55 naha
133.3218701475 36.251351874 56 omae
132.980798836 32.7122691861 57 sado
141.6016972712 45.3003009023 58 saig
-171.7364588868 -2.7589255887 59 tosa
-96.1965519017 15.6735147496 60 waka
171.4438179193 -41.8276559699 61 kant
15.9901890826 69.4319924216 62 huat
25.4341243297 71.1153740101 63 chst
4.9918785406 61.9192145119 64 ande
10.9104312689 65.0106017816 65 honn
7.4576769891 57.9983881524 66 malo
30.977184668 70.467193443 67 rorv
125.7304853952 6.8742930877 68 treg
-176.2470211265 -9.5798423709 69 vard
-17.9391893043 27.692147821 70 davo
-13.8054266894 28.5736653018 71 dapi
-8.4257029272 43.3977100646 72 hie2
12.0785198695 57.271923493 73 fue2
11.1040114179 58.8840734417 74 coru
14.4809714147 67.2553183903 75 arko
11.7126246493 57.6365256651 76 fors
12.1101255985 65.35285897 77 furu
14.8246185691 67.5603565775 78 gokr
12.7024661856 56.3483975016 79 holm
12.2491284657 56.1424116537 80 kalit
12.7024661856 56.3483975016 81 karl
11.1040114179 58.8840734417 82 klag
11.651430198 57.8353886684 83 kung
12.7754084158 56.6103157751 84 kungr
12.7754084158 56.6103157751 85 land
11.651430198 57.8353886684 86 olan
12.1101255985 65.35285897 87 oska
12.7754084158 56.6103157751 88 oxel
12.7024661856 56.3483975016 89 rata
11.0203434015 58.3112083637 90 simp
11.8430391799 65.1260656944 91 simr
12.7754084158 56.6103157751 92 smog
39.0745073403 -6.2249667284 93 spik
-175.2193031561 -21.1055903617 94 visb
12.7024661856 56.3483975016 95 zanz
8.5209942404 53.7929136963 96 nkfa
12.7024661856 56.3483975016 97 amas
12.7024661856 56.3483975016 98 anta
-2.0352441252 57.2182006187 99 igne
-5.2297189888 54.4466736517 100 sile
1.3175815415 52.9477280658 101 abed
1.3872112415 51.0566284436 102 bang
1.3557663489 51.9389544613 103 crom
-3.3120207376 53.9971451951 104 dove
-4.5586306293 53.2281582296 105 harw
-4.1772662403 51.3329344768 106 heys
-5.1451506047 58.4787664476 107 holy2
-2.5619982521 56.0212849795 108 ilfa
-1.1801009237 60.1032986 109 kinl
-3.1405440552 53.43088072 110 leit
1.7182730277 52.3472920099 111 lerw2
-5.1433371941 51.673158629 112 live
-6.3073354034 55.4460311745 113 lowe
-4.2815710875 51.5393980254 114 mhav
0.1001685827 50.7464449389 115 mill
-5.387898899 50.0788390505 116 mumb
-4.1772662403 51.3329344768 117 nhav
-1.4318657556 55.0638507018 118 newl2
-4.2843418287 50.3357038851 119 npor
-4.5664732167 54.6709913179 120 nshi
-6.778670998 55.1866879004 121 plym
-1.0635610788 50.7614237578 122 porp
1.3929044735 51.3049609059 123 prus
-6.5571903239 58.3838221761 124 ptmt
-0.5067503108 54.430442159 125 shee
-3.1559196585 58.3264127632 126 stor
-4.030282949 54.5972665755 127 whit
-122.5198096922 37.6985474177 128 wick
-123.6741437896 38.8570193072 129 work
-124.024998658 46.2502694178 130 alam
-173.9917133987 52.2739550288 131 aren
-74.5352442794 39.2853398855 132 asto
-75.0348259608 38.6914117056 133 atka
-68.0125593063 44.3430737581 134 acnj
-76.7603281546 34.6798231256 135 bamd
-70.9675704212 42.4072749381 136 bame
-73.1217878176 40.7056484253 137 benc
-64.984775713 18.278840329 138 boma
-124.7460192991 48.4716824485 139 bgct
-82.8422553592 28.0465689272 140 amal
-124.2400882295 41.8464270321 141 chrp
154.0763495695 11.9371198764 142 cwfl
171.6368131869 50.1417317371 143 cres
-75.7567452411 36.2387688948 144 dkwa
-166.5426633665 54.1171733943 145 datu
-136.7470702889 58.074730298 146 dpnc
-122.5198096922 37.6985474177 147 dutc
144.6908376538 13.4856408183 148 elak
-155.0732176346 19.7498557545 149 fpnt
-156.5077041096 20.9713608117 150 guam
-155.8452481926 20.0275327478 151 hilo
-81.869447644 24.6309250741 152 kahu
-117.2894071318 32.8047564743 153 kawa
-64.7706445425 17.6823066628 154 kwfl
144.7901356191 13.3372002311 155 lajo
-120.6497385643 35.1020120322 156 lime
-160.7002611569 55.1784728813 157 pagb
-135.5124487737 56.8261215873 158 pslu
-124.1564912234 46.9092571999 159 sdpt
-70.6901968501 41.3249075336 160 sitk
-139.7301706759 59.4729105763 161 wpwa
79.840571126 6.8498288719 162 wood
-177.6835047602 -36.12383055 163 yaku
-130.6496415163 54.0508250032 164 colo
144.316877053 43.9954212812 165 dnze
-89.9369596309 13.6336311416 166 prin2
-99.9535601202 16.85719538 167 abas
-176.6772233879 51.9742866566 168 acaj
-176.6772233879 51.9742866566 169 acap2
-1.4057983374 43.8698268955 170 adak
-5.6594614293 36.0356896092 171 adak2
-154.4090446832 56.9494617838 172 ajac
-5.6594614293 36.0356896092 173 alac2
3.4873724694 51.4775670054 174 alak2
-151.7096787918 60.8963299307 175 alme
-70.4609345805 -23.7251451823 176 AN15
-85.0982102557 29.6014799167 177 anch2
-91.2440335613 29.3942953344 178 anto2
-66.7172826445 18.4911761474 179 apfl
-1.2290712719 44.608671682 180 apla
-70.3246381093 -18.4459181471 181 aracS
56.4296830221 26.2667403451 182 arca
-4.6375327871 48.0062478105 183 aric2
-1.3517167023 44.0754170081 184 arsu
-1.2290712719 44.608671682 185 audi
-1.5928429686 43.4725795862 186 AZ42
115.2555246146 -8.7295225555 187 BA05
-3.1573458886 43.3717935096 188 barc
57.7377538163 -20.3837522495 189 beno
-6.4257396151 36.8226196223 190 bil3
6.7133929501 53.647805885 191 blueb
1.5641779776 50.8404125932 192 bon2
56.4296830221 26.2667403451 193 djve
-4.7906922911 48.468411091 194 bork
-158.1071110144 21.2797712118 195 darw
-73.7789708781 40.5731813043 196 boul
-68.994364522 12.2425484659 197 bozy
-1.4652224536 43.6512512732 198 bres
-77.1587826502 -11.9412010906 199 brpt
-5.6594614293 36.0356896092 200 btny2
-9.3190891366 38.6545642613 201 bull
-75.0348259608 38.6914117056 202 CA02
-1.2290712719 44.608671682 203 call
-1.4652224536 43.6512512732 204 carb
-1.5928429686 43.4725795862 205 casc
142.1101052495 27.0766092067 206 cbmd
105.6564418912 -10.3355041754 207 cent
91.741485292 22.3459706109 208 CETR
151.864715652 7.4385133661 209 CF06
-1.2290712719 44.608671682 210 chij
109.0583107447 -7.7179502294 211 chrs
-74.8743360591 38.9089680413 212 chtt
96.8123667007 -12.0473937264 213 chuu
76.2313010246 9.9184928894 214 CI20
-3.9362140818 47.8545533875 215 cili
-145.8041540872 60.4421142309 216 cmnj
-93.3525981158 29.739547989 217 cocb
-1.4652224536 43.6512512732 218 coch
-1.4652224536 43.6512512732 219 conc
-67.2131754228 44.6220816955 220 cord
-17.5060376082 14.6980360491 221 cpla
-169.938757391 49.6712382853 222 CR08
158.2719940313 7.003067091 223 CT03
7.0938018453 53.5371181689 224 cwme
4.6927519356 53.0432424864 225 dakar
1.1026605447 49.9548605724 226 dchu
1.1026605447 49.9548605724 227 deke
-148.4042532801 55.2553602304 228 delf
-129.6399558477 48.8571523998 229 denh
-157.0882963408 52.6991941511 230 diep
2.1791045454 51.0421995164 231 diep2
-109.3611252919 -27.1667220108 232 dkod
-79.0511545024 9.4732351687 233 dsea
-66.973627023 44.7902616059 234 dshu
56.4296830221 26.2667403451 235 dunk
121.8143508187 -33.9154409112 236 east2
3.233448454 51.9135677391 237 elpo
-65.6104273134 18.3215651715 238 epme
-81.4207535029 30.6248147202 239 erdem
147.0700860033 -19.3082335219 240 espe
-1.2290712719 44.608671682 241 euro
-82.2193220449 26.5473771757 242 faja
179.2442288633 -8.5183895721 243 fbfl
-38.3973026538 -3.7990477767 244 ferg
-80.9258868245 31.9264980086 245 figu
-166.3948475143 23.8587636051 246 fmfl
-61.0714833814 14.5729155572 247 fong
-1.3517167023 44.0754170081 248 fort
-134.874445854 -23.1911803328 249 fpga
-2.1320663191 43.3105706249 250 fren
73.1007349575 -0.6450586648 251 ftfr
72.4895974092 -7.2809759879 252 GA37
-1.1553526336 45.5199250102 253 gamb
-1.4652224536 43.6512512732 254 gand
-5.6594614293 36.0356896092 255 ganm
-5.9655954892 43.5992657862 256 garc
-89.9268266886 29.2553264091 257 GE25
8.5209942404 53.7929136963 258 GI20
-94.8348147146 29.2406292904 259 gibr3
141.0216498326 41.9103880348 260 gij2
73.0812276229 6.7701365843 261 gila
5.3422434409 53.4354106965 262 gokc
115.7090672859 -31.7865341832 263 gptx
-139.0974323608 -9.7231776335 264 hako
3.8746597388 52.0439150359 265 hani
-1.2868448822 45.8697607047 266 harl
8.2366300099 53.6071998882 267 hill
-1.2290712719 44.608671682 268 hiva
168.7391177896 -43.9713603778 269 hoek
-2.0138026526 49.2745783199 270 iaix
-169.4452530336 16.7085980475 271 iera
-78.7287210606 -33.6350890024 272 IT45
-1.4652224536 43.6512512732 273 jack
154.9180178829 1.1232572201 274 jers
67.0097318554 24.7937821129 275 john
-1.4652224536 43.6512512732 276 juan
70.4640615288 -49.4483344138 277 kala
70.4640615288 -49.4483344138 278 kapi
8.7376525553 54.2747998637 279 kara
-152.2800373405 57.5044493969 280 kata
167.7734931614 8.6302157649 281 kerg
-1.1897459698 45.2524606929 282 kerg2
-80.8510665302 -2.1683938926 283 kiel
-64.7458710338 18.3003538783 284 kodi2
40.8328133404 -2.3473343841 285 kwaj
-1.4315790342 46.0408627727 286 LA38
-4.8286094188 48.2883469794 287 lali
-3.0664237306 47.3261703105 288 lame2
123.9855199542 13.3098008303 289 lamu
0.0831901769 49.581569269 290 larp
116.0389168431 -8.7051970893 291 leco
-1.6736080243 46.4206336863 292 lecy
177.4495246483 -17.5662035031 293 lega
-1.2290712719 44.608671682 294 leha
-66.9923812541 17.9327515297 295 lemba
37.9388083659 -46.8871239431 296 leso
-5.6594614293 36.0356896092 297 levu
134.436263341 7.236895554 298 LI11
73.4366132843 4.1448316994 299 magi
120.6010687426 14.3527239043 300 mais
-1.3517167023 44.0754170081 301 mal3
171.3803450013 7.1910697144 302 mala
-72.0930744104 -17.0302268267 303 Male2
-67.2042162601 18.1139432783 304 mani
-1.2290712719 44.608671682 305 mars
-1.4652224536 43.6512512732 306 marsh
8.2366300099 53.6071998882 307 mata
139.8303677534 35.0095792957 308 maya
-177.4321576618 28.1195224582 309 MC41
153.8808889859 24.2525109425 310 ME13
-104.3342751402 19.08109484 311 ment
-67.8567382513 18.1873381968 312 mera
-1.2290712719 44.608671682 313 midx
-72.034258626 40.9703968442 314 mins
-5.6594614293 36.0356896092 315 mnza
8.2366300099 53.6071998882 316 mona2
-1.3517167023 44.0754170081 317 monc
-60.9651557682 56.6552722532 318 mony
166.8098942261 -0.4771870099 319 motr
-159.3166651735 22.0411466314 320 mrms
-165.0659558642 64.4250700747 321 NA23
-52.1066488462 64.1015200819 322 nain
166.3756722623 -22.2287436801 323 nauu
141.6638413025 38.9336719496 324 nawi
-1.2290712719 44.608671682 325 nome
8.2366300099 53.6071998882 326 nuk1
-0.1815913091 49.3042498443 327 numb2
-1.4652224536 43.6512512732 328 ofun
-134.6332238806 56.2085103153 329 OR24
-134.6332238806 56.2085103153 330 OT15
-170.6125787981 -14.353082803 331 ouis
-1.5928429686 43.4725795862 332 PA07
-22.9999477479 16.6439156481 333 paak
-149.63124734 -17.5938219521 334 paak2
-25.7282361679 37.7305527952 335 pago
-1.4652224536 43.6512512732 336 palm
8.2366300099 53.6071998882 337 palm1
-158.0342021283 -8.9379060878 338 pape2
-1.4057983374 43.8698268955 339 pdas
-57.5033597281 -37.8941429476 340 PE09
-162.1766533488 5.9305332534 341 peir
-73.2111740939 -41.8157713516 342 penr
-87.1297743476 30.3145795964 343 PL14
-1.4057983374 43.8698268955 344 plat2
141.5923846693 -38.4094636246 345 plmy
-1.1553526336 45.5199250102 346 pmon2
-61.6996191219 11.9811299106 347 pnfl
-148.1777961997 70.3593467292 348 PO40
-89.3135403975 29.0172464026 349 porl
-1.4652224536 43.6512512732 350 port
92.7811268981 11.722257048 351 pric
-1.4652224536 43.6512512732 352 prud
-70.289920353 43.5352661652 353 psla
-70.7637469434 19.8559406227 354 PT17
-1.4652224536 43.6512512732 355 ptbl
-46.4531934839 60.5192889487 356 ptln
114.2262075459 22.1788236894 357 ptme
-84.1074172535 9.356924362 358 ptpl
3.4873724694 51.4775670054 359 ptve
-159.7049689171 -21.2757841761 360 qaqo
-1.4652224536 43.6512512732 361 quar
-4.0886452668 48.8818396294 362 quepo
-61.4039141473 15.2755623161 363 RA10
-1.3517167023 44.0754170081 364 raro
95.2907046286 5.7804970395 365 RC09
-2.1320663191 43.3105706249 366 rosc
-2.3978228646 47.2614562946 367 rose
145.8036011933 15.2757826852 368 SA16
54.0535311356 16.9718397714 369 saba
-38.6127247256 -13.0156738496 370 sagu
-3.8644632854 43.4962555224 371 sain
-81.7806006687 12.5894428213 372 saip
-80.0803467681 -26.2476701875 373 sala
-66.2118450695 18.4823227272 374 salv
-1.4652224536 43.6512512732 375 san2
-1.5928429686 43.4725795862 376 sana
-1.3517167023 44.0754170081 377 sanf3
-149.1836104463 59.9857261707 378 sanj
11.8430391799 65.1260656944 379 SC43
8.2366300099 53.6071998882 380 scoa
-1.4057983374 43.8698268955 381 sete
160.0636727852 -9.4014756996 382 sewa
8.2366300099 53.6071998882 383 skagk
-5.603966709 -15.8807364521 384 sobr
11.1040114179 58.8840734417 385 sole
-2.214438193 48.6212655194 386 solo
120.2080900459 14.7597880431 387 stari
39.6729295521 -69.0419136554 388 sthl2
8.2366300099 53.6071998882 389 sthm
-81.3065697202 -4.5780029142 390 stma
172.8238891253 1.3443920353 391 subi
-1.3517167023 44.0754170081 392 syow
-1.5928429686 43.4725795862 393 syro
56.4296830221 26.2667403451 394 tala
5.3422434409 53.4354106965 395 tara
-1.8009376251 4.8509410831 396 tara1
-1.3517167023 44.0754170081 397 tarr
137.3249145286 37.0499694746 398 tasu
8.2366300099 53.6071998882 399 ters
-3.379650129 47.6840993186 400 tkdi
-145.8041540872 60.4421142309 401 toul
-2.1320663191 43.3105706249 402 toya
-71.5752256407 -32.9974342983 403 TR22
168.2626313423 -17.7192141571 404 tudy
3.4873724694 51.4775670054 405 vald2
-64.4147574098 -65.2977054561 406 vale
8.2366300099 53.6071998882 407 valp2
-65.5625750275 18.0978909243 408 vanu
-8.8967009424 42.4402928642 409 VE19
83.321605072 17.689054881 410 vern
166.616279692 19.2652288283 411 VI12
11.3358346648 55.7745528163 412 vieq
174.8293083657 -41.3634048032 413 vil2
-89.1603801194 30.3199495246 414 vish
-157.4975062857 1.9866601073 415 wake
-65.9639640106 17.9537257636 416 warn
174.8293083657 -41.3634048032 417 wlgt
-89.1603801194 30.3199495246 418 wlms
-157.4975062857 1.9866601073 419 xmas
-65.9639640106 17.9537257636 420 yabu
