1 0 0 0 0 0 0 0 0	 ! https://schism-dev.github.io/schism/master/input-output/optional-inputs.html#stationin-bp-format
420	 ! number of stations
1 -65.7253565301 -47.5822853311 0 	!	 dese 14258.0000000000 -65.9150000000 -47.7540000000 6.0000000000 23795.6646780543
2 -64.8412481333 -43.2351037143 0 	!	 madry 52353.0000000000 -65.0310000000 -42.7630000000 21.0000000000 54716.5833520250
3 147.3972569709 -43.2949791733 0 	!	 bapj 35876.0000000000 147.3380000000 -42.8920000000 25.0000000000 45066.8298465134
4 122.1633540584 -17.9247170530 0 	!	 brom 11092.0000000000 122.2190000000 -18.0010000000 6.0000000000 10324.4057584232
5 145.8461841160 -40.9944737831 0 	!	 barn 78547.0000000000 145.9150000000 -41.0500000000 26.0000000000 8452.7810348373
6 117.7777702125 -15.0668788058 0 	!	 djve 59593.0000000000 117.9420000000 -15.0230000000 5711.0000000000 18298.0485804706
7 130.2232235790 -12.2819263617 0 	!	 bork 26454.0000000000 6.7494440000 53.5575000000 34.0000000000 70865.1977934027
8 150.8826195144 -34.7582713556 0 	!	 darw 64596.0000000000 130.8460000000 -12.4720000000 56.0000000000 31723.6702153768
9 113.9207322984 -21.9086432538 0 	!	 boul 17277.0000000000 1.5774600000 50.7275000000 24.0000000000 29694.2306122350
10 150.8461445331 -23.1856317928 0 	!	 pkem 30236.0000000000 150.9120000000 -34.4740000000 5.0000000000 6359.3431425613
11 147.9194625162 -42.7914823025 0 	!	 pmur 29755.0000000000 114.1910000000 -21.8170000000 47.0000000000 27318.8172098634
12 133.7089608960 -32.2477209371 0 	!	 ross 13518.0000000000 150.7900000000 -23.1610000000 3.0000000000 12704.0464213689
13 142.3648304753 -10.6392716037 0 	!	 sprg 2338.0000000000 147.9330000000 -42.5460000000 5.0000000000 16696.4516018374
14 2.6621127138 51.1808713657 0 	!	 thev 44559.0000000000 133.6410000000 -32.1490000000 6.0000000000 19375.6555970067
15 -48.0981616551 -0.5026013713 0 	!	 trst 798.0000000000 142.2220000000 -10.5860000000 4.0000000000 113434.9587065736
16 -125.1712636164 48.7266737097 0 	!	 oste 6981.0000000000 2.9270000000 51.2340000000 45.0000000000 12807.8028474241
17 -52.9152222962 47.8157699501 0 	!	 bele 22995.0000000000 -48.4960000000 -1.4420000000 188.0000000000 30989.2909550871
18 -124.7274183584 48.3101707658 0 	!	 bamf 41933.0000000000 -125.1400000000 48.8400000000 34.0000000000 160043.4104728979
19 -68.6714508817 -52.5686223535 0 	!	 stjo 31994.0000000000 -52.7200000000 47.5700000000 8.0000000000 104194.4251923920
20 -58.2444234973 -63.4051288101 0 	!	 vhbc 2546.0000000000 -123.1170000000 49.2830000000 80.0000000000 19509.5519948127
21 -71.0051537296 -27.2232064180 0 	!	 greg 26275.0000000000 -70.2090000000 -52.6480000000 119.0000000000 25044.5818245908
22 -71.4110499212 -29.9378185091 0 	!	 ohig3 34006.0000000000 -57.9010000000 -63.3210000000 13.0000000000 7451.7046209425
23 -73.7126145133 -39.9333613521 0 	!	 cald 68500.0000000000 -70.8250000000 -27.0650000000 70.0000000000 24900.1632874043
24 -71.5965343177 -32.1518746015 0 	!	 coqu 4442.0000000000 -71.3350000000 -29.9500000000 312.0000000000 6598.8489401439
25 -71.7418439361 -30.5018060778 0 	!	 corr 3712.0000000000 -73.4270000000 -39.8870000000 30.0000000000 26627.9489089047
26 -74.4451004462 -45.1783276430 0 	!	 pich 57432.0000000000 -71.5290000000 -32.1360000000 33.0000000000 131044.0414756291
27 -67.8870199773 -55.6613583455 0 	!	 ptal 35510.0000000000 -71.6080000000 -30.2920000000 13.0000000000 82853.0981544206
28 -71.5592599333 -32.7251980296 0 	!	 pcha 60569.0000000000 -72.8200000000 -45.4670000000 36.0000000000 6397.7945520183
29 -72.9618311996 -36.4713293019 0 	!	 pwil 31665.0000000000 -67.6110000000 -54.9330000000 18.0000000000 20187.5861335185
30 -72.9618311996 -36.4713293019 0 	!	 qtro 31665.0000000000 -71.5250000000 -32.7750000000 18.0000000000 28598.8112905496
31 178.6421939005 -18.3418623133 0 	!	 quir 79628.0000000000 -73.0570000000 -36.6360000000 1974.0000000000 32637.5895526663
32 -1.7566677694 49.7251252450 0 	!	 talc 20394.0000000000 -73.1060000000 -36.7010000000 49.0000000000 12361.8226224744
33 45.4761690668 -12.7846015913 0 	!	 viti 18808.0000000000 178.4240000000 -18.1340000000 1924.0000000000 23658.6224745762
34 -2.2244369706 47.2110861358 0 	!	 cher 70115.0000000000 -1.6300000000 49.6500000000 1.0000000000 21339.9567503655
35 168.0200681429 -21.7615781231 0 	!	 dzao 69937.0000000000 45.2580000000 -12.7830000000 1240.0000000000 27975.3845200572
36 -140.0112788163 -8.8729442452 0 	!	 herb 179.0000000000 -2.2990000000 47.0260000000 37.0000000000 9352.0089644549
37 -2.8156084150 49.1717862292 0 	!	 mare 46323.0000000000 167.8770000000 -21.5480000000 39.0000000000 58244.2443896550
38 -2.8156084150 49.1717862292 0 	!	 nuku 46323.0000000000 -140.0850000000 -8.9150000000 39.0000000000 58244.2443896550
39 -149.7356890535 -23.4613986864 0 	!	 stqy 33424.0000000000 -2.8220000000 48.6480000000 3751.0000000000 29640.5142120805
40 7.8339553848 54.2663362446 0 	!	 stqy2 84371.0000000000 -2.8220000000 48.6480000000 21.0000000000 72677.1871987195
41 7.8339553848 54.2663362446 0 	!	 tubua 84371.0000000000 -149.4760000000 -23.3420000000 21.0000000000 10707.6522853204
42 8.0196065552 54.8136707905 0 	!	 cuxh 40125.0000000000 8.7170000000 53.8680000000 16.0000000000 18832.5790773692
43 7.3744179942 53.8200331454 0 	!	 helg 13137.0000000000 7.8910000000 54.1760000000 17.0000000000 2057802.9992863031
44 -1.4851780818 43.6833954434 0 	!	 horn 32412.0000000000 8.2970000000 54.7580000000 34.0000000000 1508290.1337095043
45 131.4608900629 31.5722195234 0 	!	 itea 80282.0000000000 22.4200000000 38.4300000000 63.0000000000 4897.9310036003
46 139.9436280919 40.7395740986 0 	!	 LA23 61307.0000000000 12.6040000000 35.5000000000 57.0000000000 10026.2341440427
47 132.2753885077 35.0925159062 0 	!	 abur 33667.0000000000 131.4100000000 31.5800000000 76.0000000000 28430.0597233385
48 145.2748039614 43.1205875974 0 	!	 fuka 22286.0000000000 139.9300000000 40.6500000000 34.0000000000 29778.2145274671
49 124.2118940288 24.5632343475 0 	!	 hmda 49592.0000000000 132.0700000000 34.9000000000 93.0000000000 26461.1273467447
50 135.8995552169 33.4860953441 0 	!	 hana 8247.0000000000 145.5700000000 43.2800000000 54.0000000000 12034.3138369140
51 144.6439446125 42.9003942432 0 	!	 ishig 36995.0000000000 124.1600000000 24.3300000000 59.0000000000 23992.2054259854
52 129.7176732341 32.6237218287 0 	!	 kusm 48567.0000000000 135.7700000000 33.4800000000 51.0000000000 19246.2234757254
53 127.5745539682 26.1029168499 0 	!	 kush 62200.0000000000 144.3700000000 42.9800000000 66.0000000000 15248.8936669391
54 137.9587085607 34.6213392219 0 	!	 naga 13876.0000000000 129.8700000000 32.7400000000 75.0000000000 23944.3372056374
55 138.1686991891 38.4067669885 0 	!	 naha 59.0000000000 127.6700000000 26.2100000000 689.0000000000 32112.4191021366
56 133.0971828812 36.0409986416 0 	!	 omae 34206.0000000000 138.2200000000 34.6100000000 62.0000000000 27384.1567721892
57 132.7636658974 32.7077501291 0 	!	 sado 25965.0000000000 138.5200000000 38.3200000000 129.0000000000 20042.8428450728
58 141.6142122466 45.6737431024 0 	!	 saig 59370.0000000000 133.3300000000 36.2000000000 86.0000000000 29914.9438807261
59 -171.8688082832 -2.8016470782 0 	!	 tosa 74976.0000000000 132.9600000000 32.7800000000 4087.0000000000 16749.2315744606
60 -95.9269992279 15.7845621371 0 	!	 waka 24414.0000000000 141.6900000000 45.4100000000 139.0000000000 20692.1995290794
61 171.3618231466 -41.9725731151 0 	!	 kant 54496.0000000000 -171.7180000000 -2.8010000000 32.0000000000 9771.9158419417
62 15.4075862503 69.5072925104 0 	!	 huat 8597.0000000000 -96.1170000000 15.7500000000 1042.0000000000 34856.7642483363
63 25.7206520754 71.2083552491 0 	!	 chst 55104.0000000000 171.4340000000 -41.9030000000 231.0000000000 26970.5010188587
64 4.9675247452 61.9529473042 0 	!	 ande 12625.0000000000 16.1350000000 69.3260000000 4.0000000000 8126.1997362509
65 11.2775052516 64.9772374911 0 	!	 honn 25587.0000000000 25.9730000000 70.9800000000 96.0000000000 13336.7387145074
66 7.6993897263 57.9763514882 0 	!	 malo 11616.0000000000 5.1170000000 61.9330000000 112.0000000000 9126.4190965222
67 30.3926181769 70.5976013268 0 	!	 rorv 72621.0000000000 11.2300000000 64.8590000000 32.0000000000 36204.8909448745
68 126.2703493984 6.6377161832 0 	!	 treg 24104.0000000000 7.5550000000 58.0060000000 392.0000000000 88265.3894714001
69 -176.5835513945 -9.5181978261 0 	!	 vard 33979.0000000000 31.1040000000 70.3750000000 4750.0000000000 36907.6285094556
70 -17.8908610092 27.6190149274 0 	!	 davo 83101.0000000000 125.6630000000 7.1540000000 2799.0000000000 18378.2502932398
71 -13.7816817477 28.6481615088 0 	!	 dapi 17000.0000000000 -176.2470000000 -9.5180000000 1116.0000000000 18794.0553309660
72 -8.5577540373 43.3610853006 0 	!	 hie2 22607.0000000000 -17.9020000000 27.7840000000 12.0000000000 12769.6794729034
73 11.8613280683 57.4684216515 0 	!	 fue2 67879.0000000000 -13.8580000000 28.4930000000 10.0000000000 321101.6162108058
74 11.0083556328 58.8277879038 0 	!	 coru 60850.0000000000 -8.4000000000 43.3670000000 19.0000000000 441276.2303862475
75 13.0319455044 66.7295056713 0 	!	 arko 29866.0000000000 16.9610000000 58.4840000000 3.0000000000 423915.1499641408
76 11.8613280683 57.4684216515 0 	!	 fors 67879.0000000000 18.2110000000 60.4090000000 10.0000000000 25328.6056304627
77 12.0505610482 65.3502547061 0 	!	 furu 82370.0000000000 21.2310000000 64.9160000000 3.0000000000 436946.3441307847
78 13.0319455044 66.7295056713 0 	!	 gokr 29866.0000000000 11.7710000000 57.6910000000 3.0000000000 465163.9601758927
79 12.6887948807 56.6223083417 0 	!	 holm 51412.0000000000 20.3470000000 63.6960000000 19.0000000000 141190.2320237053
80 11.7456879900 56.1964366797 0 	!	 kalit 68264.0000000000 23.0960000000 65.6970000000 24.0000000000 103724.9338391449
81 12.6887948807 56.6223083417 0 	!	 karl 51412.0000000000 14.8210000000 56.1540000000 19.0000000000 187648.5133772810
82 11.0083556328 58.8277879038 0 	!	 klag 60850.0000000000 12.8940000000 55.5220000000 19.0000000000 20010.6738883626
83 11.8613280683 57.4684216515 0 	!	 kung 67879.0000000000 15.5890000000 56.1050000000 10.0000000000 380599.9881052258
84 12.6887948807 56.6223083417 0 	!	 kungr 51412.0000000000 11.1270000000 58.9970000000 19.0000000000 279461.3968881311
85 12.6887948807 56.6223083417 0 	!	 land 51412.0000000000 17.8590000000 58.7690000000 19.0000000000 240945.8005376157
86 11.8613280683 57.4684216515 0 	!	 olan 67879.0000000000 17.0970000000 57.3660000000 10.0000000000 336725.0438900368
87 12.0505610482 65.3502547061 0 	!	 oska 82370.0000000000 16.4780000000 57.2750000000 3.0000000000 446836.5456083708
88 12.6887948807 56.6223083417 0 	!	 oxel 51412.0000000000 17.1250000000 58.6620000000 19.0000000000 256718.6184625020
89 12.6887948807 56.6223083417 0 	!	 rata 51412.0000000000 20.8950000000 63.9860000000 19.0000000000 157326.4340931514
90 11.3202134140 58.2413818046 0 	!	 simp 75945.0000000000 16.6760000000 57.4100000000 15.0000000000 13873.9976864800
91 10.1510940524 64.2189625083 0 	!	 simr 65965.0000000000 14.3580000000 55.5570000000 114.0000000000 422283.0592458737
92 12.6887948807 56.6223083417 0 	!	 smog 51412.0000000000 11.2180000000 58.3540000000 19.0000000000 355959.3909922657
93 39.3298364249 -5.8440464877 0 	!	 spik 26345.0000000000 17.5310000000 62.3630000000 26.0000000000 37697.0626697236
94 -174.9370039410 -20.9827266802 0 	!	 visb 65699.0000000000 18.2840000000 57.6390000000 553.0000000000 31560.8216642122
95 12.6887948807 56.6223083417 0 	!	 zanz 51412.0000000000 39.1830000000 -6.1500000000 19.0000000000 2172141.6654435070
96 12.6887948807 56.6223083417 0 	!	 nkfa 51412.0000000000 -175.1970000000 -21.1300000000 19.0000000000 2572350.6683137906
97 12.6887948807 56.6223083417 0 	!	 amas 51412.0000000000 32.3920000000 41.7440000000 19.0000000000 1970740.1213920608
98 12.6887948807 56.6223083417 0 	!	 anta 51412.0000000000 30.6130000000 36.8360000000 19.0000000000 2103560.7687276565
99 -2.1530910365 56.9233126650 0 	!	 igne 17222.0000000000 28.0240000000 41.8890000000 41.0000000000 24497.0739300332
100 -5.0839433821 54.7690875195 0 	!	 sile 81033.0000000000 29.6040000000 41.1800000000 38.0000000000 39549.4125119341
101 1.1081156500 53.0019853573 0 	!	 abed 25023.0000000000 -2.0800000000 57.1400000000 14.0000000000 15139.7747718509
102 1.8256879469 51.4532918519 0 	!	 bang 19095.0000000000 -5.6700000000 54.6600000000 32.0000000000 51904.9861565491
103 2.0246106444 52.0941204678 0 	!	 crom 30267.0000000000 1.3000000000 52.9300000000 29.0000000000 52758.0063215616
104 -3.5122484663 54.3526575507 0 	!	 dove 62919.0000000000 1.3200000000 51.1100000000 17.0000000000 52647.7495282158
105 -4.5496425632 53.4520754187 0 	!	 harw 18792.0000000000 1.2900000000 51.9500000000 6.0000000000 16472.8795190262
106 -4.5757556922 51.0266929083 0 	!	 heys 71560.0000000000 -2.9200000000 54.0300000000 22.0000000000 38370.4543826825
107 -4.6408177026 58.5961030082 0 	!	 holy2 69332.0000000000 -4.6200000000 53.3100000000 46.0000000000 28165.4580133490
108 -2.7596185065 56.4186029165 0 	!	 ilfa 68078.0000000000 -4.1100000000 51.2100000000 9.0000000000 54289.4206472772
109 -0.9031048682 60.3340080673 0 	!	 kinl 39226.0000000000 -5.0500000000 58.4600000000 33.0000000000 23966.6614836415
110 -3.5883037907 53.3437258325 0 	!	 leit 80813.0000000000 -3.1800000000 55.9900000000 4.0000000000 39489.1877393317
111 1.7883085051 52.6092312737 0 	!	 lerw2 75995.0000000000 -1.1450000000 60.1550000000 9.0000000000 15697.0940013678
112 -5.3167800296 51.9528939585 0 	!	 live 54365.0000000000 -3.0200000000 53.4500000000 31.0000000000 32642.3531365405
113 -5.0839433821 54.7690875195 0 	!	 lowe 81033.0000000000 1.7500000000 52.4700000000 38.0000000000 109627.8779434058
114 -4.5757556922 51.0266929083 0 	!	 mhav 71560.0000000000 -5.0500000000 51.7100000000 22.0000000000 73248.3551186324
115 -1.3599050987 50.2115763062 0 	!	 mill 158.0000000000 -4.9100000000 55.7500000000 67.0000000000 118666.7769644637
116 -5.3276370386 50.0326934489 0 	!	 mumb 28561.0000000000 -3.9800000000 51.5700000000 22.0000000000 17245.0768185123
117 -3.1429436647 50.6376651850 0 	!	 nhav 505.0000000000 0.0600000000 50.7800000000 24.0000000000 102007.6604518735
118 -1.3107783163 54.9275951836 0 	!	 newl2 36676.0000000000 -5.5430000000 50.1030000000 18.0000000000 12328.4269308458
119 -4.4384757655 50.3015403115 0 	!	 npor 30671.0000000000 -2.9900000000 51.5500000000 41.0000000000 19208.1995137036
120 -5.0839433821 54.7690875195 0 	!	 nshi 81033.0000000000 -1.4400000000 55.0100000000 38.0000000000 8216.7448190493
121 -6.6388255329 55.6010506753 0 	!	 plym 50755.0000000000 -4.1900000000 50.3700000000 68.0000000000 43503.3943628492
122 -1.3599050987 50.2115763062 0 	!	 porp 158.0000000000 -5.1200000000 54.8400000000 67.0000000000 67774.4751940175
123 1.8256879469 51.4532918519 0 	!	 prus 19095.0000000000 -6.6600000000 55.2100000000 32.0000000000 75231.7386957208
124 -6.8686029768 58.3041717898 0 	!	 ptmt 24265.0000000000 -1.1100000000 50.8000000000 23.0000000000 29892.5739823101
125 -0.6374741760 54.5419884458 0 	!	 shee 1418.0000000000 0.7400000000 51.4500000000 21.0000000000 6046.7346878359
126 -3.1925468824 58.2692242585 0 	!	 stor 35742.0000000000 -6.3900000000 58.2100000000 53.0000000000 19909.4884304688
127 -3.5122484663 54.3526575507 0 	!	 whit 62919.0000000000 -0.6100000000 54.4900000000 17.0000000000 33272.5874762381
128 -122.5586877125 37.7621347221 0 	!	 wick 73785.0000000000 -3.0900000000 58.4400000000 11.0000000000 22940.7853872221
129 -123.6468546820 38.7902183316 0 	!	 work 33118.0000000000 -3.5700000000 54.6500000000 86.0000000000 14551.5872036483
130 -123.9892803646 46.1064636113 0 	!	 alam 12361.0000000000 -122.2980000000 37.7720000000 18.0000000000 20508.2209562687
131 -174.0597612523 52.1803828161 0 	!	 aren 83358.0000000000 -123.7050000000 38.9130000000 30.0000000000 9616.9268867998
132 -74.3288588591 39.3753074216 0 	!	 asto 76974.0000000000 -123.7670000000 46.2080000000 11.0000000000 7988.9584309390
133 -74.9380206852 39.1332494457 0 	!	 atka 25170.0000000000 -174.1730000000 52.2320000000 2.0000000000 142095.0248433000
134 -68.1260680052 44.3337625696 0 	!	 acnj 80352.0000000000 -74.4180000000 39.3550000000 59.0000000000 9017.0793814845
135 -76.3479538273 34.7613692706 0 	!	 bamd 44177.0000000000 -76.5780000000 39.2670000000 19.0000000000 29783.7784184225
136 -70.3284630305 42.0581066826 0 	!	 bame 893.0000000000 -68.2050000000 44.3920000000 51.0000000000 68126.9796561990
137 -73.1086296177 40.6735558264 0 	!	 benc 40659.0000000000 -76.6700000000 34.7200000000 8.0000000000 55876.7242930381
138 -64.8770039917 18.5777994427 0 	!	 boma 55939.0000000000 -71.0520000000 42.3550000000 35.0000000000 27376.3042180823
139 -124.7274183584 48.3101707658 0 	!	 bgct 41933.0000000000 -73.1820000000 41.1730000000 34.0000000000 157355.8791107329
140 -82.7776752226 27.6813587839 0 	!	 amal 28102.0000000000 -64.9200000000 18.3350000000 2.0000000000 33414.7675144013
141 -124.2655126012 41.8557386739 0 	!	 chrp 20922.0000000000 -122.7580000000 48.8630000000 4.0000000000 14085.6496554199
142 153.5105843845 12.0426516063 0 	!	 cwfl 72691.0000000000 -82.8320000000 27.9780000000 5954.0000000000 45027.4053374874
143 171.7967632842 49.9855354057 0 	!	 cres 81764.0000000000 -124.1830000000 41.7450000000 4865.0000000000 19948.1832053647
144 -75.5848548093 35.9843800163 0 	!	 dkwa 26536.0000000000 153.9070000000 11.9260000000 21.0000000000 26459.0268899017
145 -166.4615753273 53.5890233069 0 	!	 datu 51637.0000000000 171.8970000000 50.1530000000 92.0000000000 33024.5519837756
146 -136.9156496680 58.2985207260 0 	!	 dpnc 66260.0000000000 -75.7470000000 36.1830000000 118.0000000000 35505.6891869912
147 -122.5586877125 37.7621347221 0 	!	 dutc 73785.0000000000 -166.5330000000 53.8830000000 11.0000000000 9626.7447883047
148 144.6576107497 13.6686162721 0 	!	 elak 22092.0000000000 -136.3430000000 58.1930000000 1064.0000000000 25650.5310255985
149 -154.9338793798 19.6685485126 0 	!	 fpnt 24775.0000000000 -122.4650000000 37.8070000000 1408.0000000000 14839.0713639280
150 -156.5102160360 20.7379443029 0 	!	 guam 32773.0000000000 144.6520000000 13.4380000000 77.0000000000 18235.2289308318
151 -155.8727608384 20.0187909622 0 	!	 hilo 51633.0000000000 -155.0580000000 19.7330000000 263.0000000000 4668.5103880946
152 -81.9074365356 24.7430055608 0 	!	 kahu 43626.0000000000 -156.4720000000 20.8980000000 14.0000000000 23395.9057182127
153 -117.3699188179 33.0965021684 0 	!	 kawa 76300.0000000000 -155.8320000000 20.0360000000 33.0000000000 27572.1107276001
154 -64.6040056391 17.4050671545 0 	!	 kwfl 3904.0000000000 -81.8080000000 24.5530000000 3321.0000000000 35947.7283439037
155 144.6576107497 13.6686162721 0 	!	 lajo 22092.0000000000 -117.2580000000 32.8670000000 1064.0000000000 30706.5620440538
156 -120.6809556514 35.1081557450 0 	!	 lime 29233.0000000000 -64.7540000000 17.6950000000 26.0000000000 9337.9724817496
157 -160.8727444356 55.0446305512 0 	!	 pagb 58213.0000000000 144.7970000000 13.4280000000 90.0000000000 40133.4510401507
158 -135.3517264887 56.7202262499 0 	!	 pslu 16384.0000000000 -120.7530000000 35.1680000000 5.0000000000 36896.2888582032
159 -124.0911884182 46.6768585076 0 	!	 sdpt 74635.0000000000 -160.5020000000 55.3370000000 10.0000000000 25741.6286340083
160 -71.2315482276 41.4291654803 0 	!	 sitk 7933.0000000000 -135.3420000000 57.0520000000 22.0000000000 47769.7457578406
161 -139.2785524084 59.3094665980 0 	!	 wpwa 24647.0000000000 -124.1100000000 46.9080000000 33.0000000000 37011.8042923839
162 79.8753908515 6.6500605646 0 	!	 wood 14568.0000000000 -70.6720000000 41.5230000000 11.0000000000 32472.2356948682
163 -177.6861665839 -35.8565576783 0 	!	 yaku 83629.0000000000 -139.7350000000 59.5480000000 5931.0000000000 21488.6671076515
164 -130.9397591755 53.2145358126 0 	!	 colo 17506.0000000000 79.8500000000 6.9410000000 88.0000000000 129239.9062962175
165 144.0368263915 44.1744401391 0 	!	 dnze 36592.0000000000 -177.7080000000 -36.0490000000 54.0000000000 26526.4269394798
166 -89.9207885235 13.2384916686 0 	!	 prin2 62480.0000000000 -130.3170000000 54.3170000000 161.0000000000 38340.7709138634
167 -99.8322758221 16.7336674238 0 	!	 abas 48369.0000000000 144.2900000000 44.0200000000 29.0000000000 13824.0428740322
168 -176.9469953865 51.7473417026 0 	!	 acaj 7322.0000000000 -89.8381280000 13.5737920000 65.0000000000 25188.3887457803
169 -176.9469953865 51.7473417026 0 	!	 acap2 7322.0000000000 -99.9030000000 16.8379333000 65.0000000000 25188.3887457803
170 -1.4851780818 43.6833954434 0 	!	 adak 32412.0000000000 -176.6320000000 51.8630000000 34.0000000000 857925.8046742124
171 -6.0806146486 36.1658459349 0 	!	 adak2 44784.0000000000 -176.6320000000 51.8630000000 19.0000000000 551210.2271663393
172 -153.9708975944 56.6999920344 0 	!	 ajac 36164.0000000000 8.7600000000 41.9200000000 2.0000000000 27698.4007909731
173 -6.0806146486 36.1658459349 0 	!	 alac2 44784.0000000000 -0.4813889000 38.3388889000 19.0000000000 330334.2387801217
174 3.5184142068 51.6240322049 0 	!	 alak2 29794.0000000000 -154.2481000000 56.8975000000 5.0000000000 1160399.2562786387
175 -149.5314953573 59.8309448728 0 	!	 alme 77601.0000000000 -2.4783500000 36.8300200000 164.0000000000 157667.2195312396
176 -70.5568777767 -23.9034122582 0 	!	 AN15 56400.0000000000 13.5065166667 43.6247666667 65.0000000000 31746.4055166258
177 -85.2210472701 29.6289238870 0 	!	 anch2 52420.0000000000 -149.8880000000 61.2380000000 11.0000000000 25539.4752218289
178 -91.3038621031 29.4329749997 0 	!	 anto2 54466.0000000000 -70.4046243600 -23.6542151700 2.0000000000 3795.9819159632
179 -66.9536623307 18.5331630626 0 	!	 apfl 5999.0000000000 -84.9820000000 29.7270000000 450.0000000000 27133.6728361249
180 -1.2848241717 44.5883489083 0 	!	 apla 44301.0000000000 -91.3381000000 29.4496000000 4.0000000000 12835.6344489929
181 -70.3867905081 -18.7328947894 0 	!	 aracS 41170.0000000000 -66.7024000000 18.4805000000 15.0000000000 29361.8652291801
182 56.4062888889 25.4663909979 0 	!	 arca 66734.0000000000 -1.1635500000 44.6650000000 42.0000000000 2297263.6046811524
183 -4.4116213186 47.8800134940 0 	!	 aric2 38458.0000000000 -70.3232305000 -18.4758000000 20.0000000000 18312.0802295568
184 -1.4851780818 43.6833954434 0 	!	 arsu 32412.0000000000 35.8851900000 36.4155900000 34.0000000000 1181243.6176854037
185 -1.2848241717 44.5883489083 0 	!	 audi 44301.0000000000 -4.5372000000 48.0216000000 4.0000000000 1524654.7394725452
186 -1.4851780818 43.6833954434 0 	!	 AZ42 32412.0000000000 12.6347972222 41.4468583333 34.0000000000 396592.3444174774
187 115.0968396545 -9.0563813340 0 	!	 BA05 14901.0000000000 16.8660333333 41.1402055556 1818.0000000000 34804.4661984504
188 -3.1388777987 43.3982191050 0 	!	 barc 10834.0000000000 2.1657000000 41.3417700000 15.0000000000 9185.0924780038
189 57.7545154537 -20.4069728533 0 	!	 beno 59082.0000000000 115.2166000000 -8.7666000000 35.0000000000 6138.6154497179
190 -6.4416859357 36.6354432172 0 	!	 bil3 1869.0000000000 -3.0451300000 43.3515300000 19.0000000000 20713.7740156359
191 6.3557233289 53.7367967172 0 	!	 blueb 54719.0000000000 57.7109500000 -20.4441333300 21.0000000000 32724.8210828250
192 1.8256879469 51.4532918519 0 	!	 bon2 19095.0000000000 -6.3381300000 36.8022100000 32.0000000000 82545.2905683062
193 56.4062888889 25.4663909979 0 	!	 djve 66734.0000000000 117.9420000000 -15.0230000000 42.0000000000 2524622.2574080536
194 -4.4831462699 48.6725472765 0 	!	 bork 13702.0000000000 6.7494440000 53.5575000000 31.0000000000 32553.4412573390
195 -158.4038872306 21.4097847290 0 	!	 darw 27351.0000000000 130.8460000000 -12.4720000000 2341.0000000000 31051.3505537128
196 -74.0456763215 40.5441610220 0 	!	 boul 75379.0000000000 1.5774600000 50.7275000000 13.0000000000 17463.4815580057
197 -69.0200625763 12.3511092285 0 	!	 bozy 599.0000000000 32.9413108826 36.0974197388 312.0000000000 18211.4178340514
198 -1.4851780818 43.6833954434 0 	!	 bres 32412.0000000000 -4.5000000000 48.3800000000 34.0000000000 1012711.2653349618
199 -76.9673877713 -12.2832335330 0 	!	 brpt 80849.0000000000 -158.1193000000 21.3218000000 80.0000000000 32206.6637098660
200 -6.0806146486 36.1658459349 0 	!	 btny2 44784.0000000000 -74.0200000000 40.7000000000 19.0000000000 384014.3189520661
201 -9.2618273033 38.5962287998 0 	!	 bull 77809.0000000000 -69.0196139000 12.1873306000 11.0000000000 17146.8077878978
202 -75.0179160696 38.6367748503 0 	!	 CA02 70280.0000000000 9.1142000000 39.2101000000 13.0000000000 91545.1059188569
203 -1.2848241717 44.5883489083 0 	!	 call 44301.0000000000 -77.1668000000 -12.0690000000 4.0000000000 871988.8843921134
204 -1.4851780818 43.6833954434 0 	!	 carb 32412.0000000000 -1.8995900000 36.9743000000 34.0000000000 1515813.2127501213
205 -1.4851780818 43.6833954434 0 	!	 casc 32412.0000000000 -9.4153840000 38.6931580000 34.0000000000 959117.0897261427
206 142.2928577374 27.1091489834 0 	!	 cbmd 22428.0000000000 -76.0683000000 38.5733000000 189.0000000000 10401.8953654533
207 105.8528878498 -10.4849954932 0 	!	 cent 36877.0000000000 9.3501460000 42.9669040000 4769.0000000000 21005.2602917738
208 91.7679916752 22.1914153387 0 	!	 CETR 65735.0000000000 15.9201710000 39.5267700000 1.0000000000 16832.2647112997
209 151.7396079998 7.6136588958 0 	!	 CF06 67822.0000000000 8.3081000000 39.1436000000 1.0000000000 24944.4341574662
210 -1.2848241717 44.5883489083 0 	!	 chij 44301.0000000000 142.1900000000 27.0900000000 4.0000000000 1091760.2121693755
211 109.1480629954 -7.7351457857 0 	!	 chrs 39203.0000000000 105.6693000000 -10.4294000000 14.0000000000 16397.1609260644
212 -74.9380206852 39.1332494457 0 	!	 chtt 25170.0000000000 91.8250000000 22.3333000000 2.0000000000 18439.4803345581
213 96.9240771412 -12.2096313331 0 	!	 chuu 32632.0000000000 151.8982417000 7.4536833000 982.0000000000 10909.3714621075
214 76.2425648734 9.7086066187 0 	!	 CI20 7985.0000000000 11.7896472222 42.0939583333 4.0000000000 28018.8594310368
215 -3.9482024298 47.8184649552 0 	!	 cili 42262.0000000000 109.0000000000 -7.7500000000 22.0000000000 6855.8700941643
216 -146.0065068166 60.4588496239 0 	!	 cmnj 22468.0000000000 -74.9600000000 38.9683000000 1.0000000000 17723.5953006151
217 -93.2312341567 29.7307167067 0 	!	 cocb 7710.0000000000 96.8919000000 -12.1167000000 7.0000000000 11557.8778427098
218 -1.4851780818 43.6833954434 0 	!	 coch 32412.0000000000 76.2600000000 9.9600000000 34.0000000000 1631497.6873497043
219 -1.4851780818 43.6833954434 0 	!	 conc 32412.0000000000 -3.9073800000 47.8737000000 34.0000000000 1555919.6890367277
220 -67.3232508980 44.4118041417 0 	!	 cord 61187.0000000000 -145.7530000000 60.5580000000 150.0000000000 28669.0884788198
221 -17.1989234614 14.5927389480 0 	!	 cpla 52344.0000000000 -93.3429000000 29.7682000000 19.0000000000 25523.4022535307
222 -169.4695647672 49.7721289622 0 	!	 CR08 82390.0000000000 17.1370555556 39.0835805556 5187.0000000000 31375.9808055549
223 158.3623969855 7.1723473797 0 	!	 CT03 82814.0000000000 15.0938000000 37.4980000000 2772.0000000000 27844.8577191633
224 6.3557233289 53.7367967172 0 	!	 cwme 54719.0000000000 -67.2100000000 44.6566670000 21.0000000000 59462.5313946357
225 4.7474220560 53.1578316664 0 	!	 dakar 65415.0000000000 -17.4200000000 14.6760000000 3.0000000000 21590.8525101806
226 1.8256879469 51.4532918519 0 	!	 dchu 19095.0000000000 -169.8717000000 49.6625000000 32.0000000000 177233.4711913818
227 1.8256879469 51.4532918519 0 	!	 deke 19095.0000000000 158.2001000000 6.9806000000 32.0000000000 177233.4711913818
228 -148.1930973507 55.1368624766 0 	!	 delf 36754.0000000000 6.9329699417 53.3266112653 4188.0000000000 29715.6349354893
229 -129.2877018028 48.9370041561 0 	!	 denh 51389.0000000000 4.7434234427 52.9636753352 2377.0000000000 28073.1986687966
230 -156.4110742492 52.7252940777 0 	!	 diep 83198.0000000000 1.0850000000 49.9300000000 4487.0000000000 25690.0455983531
231 2.6621127138 51.1808713657 0 	!	 diep2 44559.0000000000 1.0850000000 49.9300000000 6.0000000000 25361.9482238399
232 -109.2709478237 -26.9492276073 0 	!	 dkod 66505.0000000000 -148.5500000000 55.3100000000 2281.0000000000 28304.3427775832
233 -78.9253887436 9.4932730286 0 	!	 dsea 30213.0000000000 -129.6219000000 48.8128000000 1.0000000000 7683.8254629830
234 -67.3232508980 44.4118041417 0 	!	 dshu 61187.0000000000 -156.7783000000 52.6633000000 150.0000000000 60848.8623298340
235 56.4062888889 25.4663909979 0 	!	 dunk 66734.0000000000 2.3666980000 51.0480900000 42.0000000000 2436114.6241162075
236 121.5864923354 -33.8963474902 0 	!	 east2 72104.0000000000 -109.4394260000 -27.1548500000 25.0000000000 28655.5763453893
237 2.9384349178 52.2118959409 0 	!	 elpo 37646.0000000000 -78.9491800000 9.5582700000 31.0000000000 33085.9889134459
238 -65.6528967990 18.1543191204 0 	!	 epme 74270.0000000000 -66.9850000000 44.9033000000 17.0000000000 20067.5790980031
239 -81.3938028526 30.6223716382 0 	!	 erdem 24247.0000000000 34.2553871900 36.5637289200 12.0000000000 8765.9718647815
240 146.8598763962 -18.9681921905 0 	!	 espe 55467.0000000000 121.8954000000 -33.8709000000 27.0000000000 40204.2468445032
241 -1.2848241717 44.5883489083 0 	!	 euro 44301.0000000000 3.2746870029 51.9976988652 4.0000000000 668063.0287389191
242 -82.3008054565 26.7121860039 0 	!	 faja 53569.0000000000 -65.6311000000 18.3336000000 3.0000000000 43357.5301680326
243 179.1642014811 -8.7126669844 0 	!	 fbfl 42973.0000000000 -81.4650000000 30.6720000000 3506.0000000000 23523.9221874734
244 -38.5516857451 -3.6593417958 0 	!	 ferg 83570.0000000000 147.0584000000 -19.2773000000 5.0000000000 11382.5992883991
245 -80.7306706905 32.0982055900 0 	!	 figu 55868.0000000000 6.9337670000 43.4835320000 2.0000000000 17697.9276909876
246 -166.4228519456 23.9740827570 0 	!	 fmfl 39442.0000000000 -81.8700000000 26.6500000000 815.0000000000 18543.1471623623
247 -61.2767320472 14.6136038469 0 	!	 fong 309.0000000000 179.1949000000 -8.5033000000 2377.0000000000 23000.1985791912
248 -1.4851780818 43.6833954434 0 	!	 fort 32412.0000000000 -38.4667000000 -3.7166666670 34.0000000000 1265203.7605058493
249 -134.7283228365 -23.0977954456 0 	!	 fpga 81497.0000000000 -80.9020000000 32.0330000000 3307.0000000000 24703.5413776975
250 -2.1382225115 43.3389637245 0 	!	 fren 81352.0000000000 -166.2830000000 23.8670000000 10.0000000000 510790.4413280130
251 73.1363156443 -0.6030023408 0 	!	 ftfr 26360.0000000000 -61.0633330000 14.6016670000 39.0000000000 9590.1567876952
252 72.3520010254 -7.2051463242 0 	!	 GA37 10406.0000000000 13.5897361111 41.2099916667 371.0000000000 10538.8033677369
253 -1.2167561432 45.2543837770 0 	!	 gamb 81088.0000000000 -134.9688880000 -23.1177740000 8.0000000000 804729.7955805913
254 -1.4851780818 43.6833954434 0 	!	 gand 32412.0000000000 -0.1513900000 38.9952100000 34.0000000000 1493992.1632104190
255 -6.0806146486 36.1658459349 0 	!	 ganm 44784.0000000000 73.1520278000 -0.6878056000 19.0000000000 64276.3480284222
256 -5.5543238447 43.5950427245 0 	!	 garc 63996.0000000000 72.3938750000 -7.2903361000 7.0000000000 12310.4622409207
257 -90.4848750795 29.2050658823 0 	!	 GE25 21432.0000000000 8.9255000000 44.4101000000 1.0000000000 51657.3569632246
258 7.3744179942 53.8200331454 0 	!	 GI20 13137.0000000000 15.1932720000 38.7840290000 17.0000000000 2050134.9028527762
259 -94.9731138612 29.1284890336 0 	!	 gibr3 15509.0000000000 -5.3650130000 36.1480830000 12.0000000000 26699.9184876565
260 141.5309545198 41.9543230972 0 	!	 gij2 75564.0000000000 -5.6983500000 43.5580300000 614.0000000000 69893.4126335111
261 73.1046129143 6.6461538387 0 	!	 gila 12260.0000000000 -89.9567000000 29.2633000000 249.0000000000 15055.9776952457
262 5.5799713133 53.4934308833 0 	!	 gokc 35542.0000000000 25.8936100006 40.2313919067 2.0000000000 37083.6622828555
263 115.6987344911 -31.8589974610 0 	!	 gptx 38568.0000000000 -94.7930000000 29.3100000000 6.0000000000 5296.6374063924
264 -138.8624924636 -9.6934302453 0 	!	 hako 53838.0000000000 140.7200000000 41.7800000000 122.0000000000 22555.4312498165
265 4.1100184091 52.0404069213 0 	!	 hani 14653.0000000000 73.1667000000 6.7667000000 11.0000000000 7028.1807927792
266 -1.1899925896 46.0951680397 0 	!	 harl 81416.0000000000 5.4109729078 53.1755641043 8.0000000000 9834.7803009258
267 -1.4851780818 43.6833954434 0 	!	 hill 32412.0000000000 115.7386000000 -31.8255000000 34.0000000000 2517638.3702237848
268 -1.2848241717 44.5883489083 0 	!	 hiva 44301.0000000000 -139.0344690000 -9.8048690000 4.0000000000 1382102.9104014193
269 168.8039100556 -43.9264663295 0 	!	 hoek 68029.0000000000 4.1194910666 51.9774704941 8.0000000000 15911.3766581584
270 -2.8156084150 49.1717862292 0 	!	 iaix 46323.0000000000 -1.1742400000 46.0074000000 39.0000000000 50573.5604074577
271 -169.6823905815 16.8198699181 0 	!	 iera 20272.0000000000 25.7385292053 35.0037498474 1872.0000000000 19176.0185639742
272 -78.7133177962 -33.7707685497 0 	!	 IT45 49330.0000000000 15.5015666667 42.1188805556 2390.0000000000 18460.1740295240
273 -1.4851780818 43.6833954434 0 	!	 jack 32412.0000000000 168.6161000000 -43.9733000000 34.0000000000 2123267.7207451961
274 154.8306204890 1.1681580248 0 	!	 jers 75219.0000000000 -2.1200000000 49.1800000000 354.0000000000 10376.7121920979
275 67.1155791988 24.6475463151 0 	!	 john 9674.0000000000 -169.5233000000 16.7390000000 1.0000000000 23124.9020485250
276 -1.4851780818 43.6833954434 0 	!	 juan 32412.0000000000 -78.8298810000 -33.6360170000 34.0000000000 2029667.9701124020
277 70.4883128930 -49.4128728426 0 	!	 kala 56959.0000000000 22.1098330000 37.0215330000 12.0000000000 20838.8517438810
278 70.4883128930 -49.4128728426 0 	!	 kapi 56959.0000000000 154.8066861000 1.0779583000 12.0000000000 20838.8517438810
279 8.4939807978 55.2493670577 0 	!	 kara 60178.0000000000 66.9750000000 24.8117000000 1.0000000000 141159.5477244595
280 -152.2610386930 57.4816162107 0 	!	 kata 23512.0000000000 21.3192330000 37.6404500000 19.0000000000 31571.8564621259
281 167.5840530237 8.8259735272 0 	!	 kerg 30106.0000000000 70.2200000000 -49.3450000000 2622.0000000000 19643.2631543981
282 -1.2167561432 45.2543837770 0 	!	 kerg2 81088.0000000000 70.2200000000 -49.3450000000 8.0000000000 884344.9322391689
283 -81.2076370423 -2.1613433730 0 	!	 kiel 34533.0000000000 10.2747220000 54.4997220000 734.0000000000 34053.1381878395
284 -64.8770039917 18.5777994427 0 	!	 kodi2 55939.0000000000 -152.5120000000 57.7317000000 35.0000000000 33061.1489340816
285 41.0316441433 -2.2453322777 0 	!	 kwaj 25603.0000000000 167.7383000000 8.7367000000 38.0000000000 14818.5358474089
286 -1.1899925896 46.0951680397 0 	!	 LA38 81416.0000000000 9.8576000000 44.0966000000 8.0000000000 7427.9506405933
287 -4.9918795198 48.2321061423 0 	!	 lali 27969.0000000000 -80.9064000000 -2.2177000000 68.0000000000 21163.9882146880
288 -3.1904814973 47.5702092870 0 	!	 lame2 11477.0000000000 -64.7242000000 18.3182000000 15.0000000000 22372.1755705150
289 124.2377309861 13.0561349850 0 	!	 lamu 66648.0000000000 40.9000000000 -2.2667000000 73.0000000000 52899.4362192858
290 -1.3599050987 50.2115763062 0 	!	 larp 158.0000000000 -1.2206500000 46.1585000000 67.0000000000 132776.7904842959
291 116.2197229326 -8.9682221848 0 	!	 leco 39698.0000000000 -4.7800000000 48.3600000000 594.0000000000 30965.8805873567
292 -1.8678215646 46.5127937473 0 	!	 lecy 3087.0000000000 -2.8951500000 47.5427000000 9.0000000000 5920.0572515854
293 177.1906673534 -17.4172719373 0 	!	 lega 25019.0000000000 123.7581170000 13.1462140000 63.0000000000 33538.5659617166
294 -1.2848241717 44.5883489083 0 	!	 leha 44301.0000000000 0.1059900000 49.4819000000 4.0000000000 931948.6000122364
295 -67.2197147141 18.2191170871 0 	!	 lemba 43535.0000000000 116.0722500000 -8.7309055560 22.0000000000 33200.5499193820
296 38.0265786763 -46.7851093686 0 	!	 leso 83012.0000000000 -1.7937300000 46.4975000000 590.0000000000 15174.5756299597
297 -6.0806146486 36.1658459349 0 	!	 levu 44784.0000000000 177.4383000000 -17.6049000000 19.0000000000 160716.1999192933
298 134.4467086378 7.3066359060 0 	!	 LI11 62387.0000000000 10.2993388889 43.5462861111 37.0000000000 2428.5389934696
299 73.3730593358 4.0594618314 0 	!	 magi 9153.0000000000 -67.0464000000 17.9701000000 48.0000000000 22073.2817703967
300 120.5359369480 14.2019639943 0 	!	 mais 12974.0000000000 37.8667000000 -46.8667000000 49.0000000000 63161.7403312874
301 -1.2848241717 44.5883489083 0 	!	 mal3 44301.0000000000 -4.4170900000 36.7118400000 4.0000000000 550741.9727705561
302 171.3850968755 6.9480585229 0 	!	 mala 43593.0000000000 134.4502000000 7.3282000000 2463.0000000000 17628.3117161198
303 -72.2410482673 -16.9449694155 0 	!	 Male2 77531.0000000000 73.5251889000 4.1874556000 250.0000000000 15378.4699355694
304 -67.2197147141 18.2191170871 0 	!	 mani 43535.0000000000 120.9716000000 14.5822000000 22.0000000000 6436.0804051378
305 -1.2848241717 44.5883489083 0 	!	 mars 44301.0000000000 5.3558000000 43.2911000000 4.0000000000 948458.2728980799
306 -1.4851780818 43.6833954434 0 	!	 marsh 32412.0000000000 171.3725000000 7.1061000000 34.0000000000 1552849.5131415264
307 7.3744179942 53.8200331454 0 	!	 mata 13137.0000000000 -72.1088000000 -17.0009000000 17.0000000000 2254691.5216259998
308 140.0569110225 35.0095287404 0 	!	 maya 14100.0000000000 -67.1588000000 18.2176000000 96.0000000000 22948.8895981171
309 -177.2136928393 28.2811550267 0 	!	 MC41 45611.0000000000 10.2383333333 42.7426333333 3163.0000000000 16195.9905352741
310 153.7144441493 24.0580280578 0 	!	 ME13 39415.0000000000 15.5635000000 38.1963000000 5348.0000000000 36576.4152370214
311 -104.2709720263 18.9555578579 0 	!	 ment 52729.0000000000 26.7166423798 38.4276885986 237.0000000000 12081.1726875410
312 -67.7490468124 18.1326401780 0 	!	 mera 35715.0000000000 139.8300000000 34.9200000000 760.0000000000 20555.6505082723
313 -1.2848241717 44.5883489083 0 	!	 midx 44301.0000000000 -177.3560000000 28.2070000000 4.0000000000 700736.6255526127
314 -71.9339704916 41.2335904827 0 	!	 mins 27573.0000000000 153.9783000000 24.2822000000 70.0000000000 20718.3410552839
315 -6.0806146486 36.1658459349 0 	!	 mnza 44784.0000000000 -104.3005333000 19.0605500000 19.0000000000 236879.2314204640
316 7.3744179942 53.8200331454 0 	!	 mona2 13137.0000000000 -67.9383000000 18.0900000000 17.0000000000 2483413.8792752884
317 -1.4851780818 43.6833954434 0 	!	 monc 32412.0000000000 7.4215800000 43.7286700000 34.0000000000 1332233.6521917160
318 -61.2953211874 56.9497560088 0 	!	 mony 58538.0000000000 -71.9600000000 41.0483000000 1.0000000000 50258.3220803547
319 166.8279641130 -0.5915133343 0 	!	 motr 67621.0000000000 -3.5236000000 36.7202400000 3536.0000000000 11203.8940519461
320 -159.3666034134 22.0294036921 0 	!	 mrms 54721.0000000000 28.3848457336 36.8379898071 305.0000000000 8079.6594841596
321 -165.4525178346 64.4548125706 0 	!	 NA23 38772.0000000000 14.2692000000 40.8397000000 10.0000000000 5139.1261626762
322 -52.1997757354 64.2263803971 0 	!	 nain 46550.0000000000 -61.6800000000 56.5500000000 21.0000000000 24022.7668529308
323 166.1707284749 -22.1541929321 0 	!	 nauu 4815.0000000000 166.9092000000 -0.5319000000 18.0000000000 26842.6562164316
324 141.9520128198 39.1392125433 0 	!	 nawi 21428.0000000000 -159.3600000000 21.9570000000 143.0000000000 21903.7238539967
325 -1.2848241717 44.5883489083 0 	!	 nome 44301.0000000000 -165.4300000000 64.5000000000 4.0000000000 1288841.4001223568
326 -1.2848241717 44.5883489083 0 	!	 nuk1 44301.0000000000 -51.7198130000 64.1713012000 4.0000000000 1693677.8746640794
327 -1.7566677694 49.7251252450 0 	!	 numb2 20394.0000000000 166.4116000000 -22.2466000000 49.0000000000 119619.1972717103
328 -1.4851780818 43.6833954434 0 	!	 ofun 32412.0000000000 141.7500000000 39.0200000000 34.0000000000 1390596.5068033754
329 -134.8920165671 56.2661648183 0 	!	 OR24 74212.0000000000 14.4148611111 42.3559000000 102.0000000000 15306.0692338755
330 -134.8920165671 56.2661648183 0 	!	 OT15 74212.0000000000 18.4969000000 40.1464000000 102.0000000000 15306.0692338755
331 -170.7040216113 -14.4099696441 0 	!	 ouis 29897.0000000000 -0.2490300000 49.2793600000 2445.0000000000 14899.3052896716
332 -1.4851780818 43.6833954434 0 	!	 PA07 32412.0000000000 13.3713000000 38.1214000000 34.0000000000 572232.5751804071
333 -22.7190715914 16.7842386263 0 	!	 paak 33079.0000000000 -134.6467000000 56.2467000000 2340.0000000000 28318.6143642169
334 -149.3115100416 -17.4227227517 0 	!	 paak2 32120.0000000000 -134.6467000000 56.2467000000 1804.0000000000 30311.6751818531
335 -25.4788078005 37.9115958057 0 	!	 pago 13812.0000000000 -170.6907000000 -14.2766000000 514.0000000000 26833.5170206824
336 -1.4851780818 43.6833954434 0 	!	 palm 32412.0000000000 2.6374800000 39.5601500000 34.0000000000 1452147.2880002270
337 7.3744179942 53.8200331454 0 	!	 palm1 13137.0000000000 -22.9833000000 16.7550000000 17.0000000000 2157265.9854986020
338 -158.0451205653 -9.2588880860 0 	!	 pape2 11273.0000000000 -149.5731650000 -17.5323700000 4720.0000000000 28683.1106174934
339 -1.4851780818 43.6833954434 0 	!	 pdas 32412.0000000000 -25.6800000000 37.7300000000 34.0000000000 1443431.1164908481
340 -57.4548890903 -37.8547264143 0 	!	 PE09 13920.0000000000 13.5268400000 37.2857600000 15.0000000000 17756.0545498575
341 -162.3274383976 5.9508029962 0 	!	 peir 52556.0000000000 23.6212170000 37.9347330000 2381.0000000000 27117.4727104390
342 -73.7557757416 -41.6860690572 0 	!	 penr 27930.0000000000 -158.0510000000 -9.0010000000 11.0000000000 69793.5827318929
343 -86.9448577613 30.3499162939 0 	!	 PL14 31968.0000000000 15.2752916667 40.0299111111 19.0000000000 26298.0050208060
344 -1.4851780818 43.6833954434 0 	!	 plat2 32412.0000000000 -57.5385055600 -38.0001527800 34.0000000000 1226666.7375960578
345 141.7020247660 -38.3113347828 0 	!	 plmy 78108.0000000000 -162.0900000000 5.8900000000 20.0000000000 8529.2070932134
346 -1.2167561432 45.2543837770 0 	!	 pmon2 81088.0000000000 -72.9608580000 -41.4849310000 8.0000000000 36969.1465612290
347 -61.4848491191 11.9817652005 0 	!	 pnfl 53823.0000000000 -87.2120000000 30.4030000000 957.0000000000 30565.7555394749
348 -148.9447557032 70.4697582318 0 	!	 PO40 64438.0000000000 12.9655888889 40.8951777778 1.0000000000 18570.9537283438
349 -89.2845353377 28.9996067175 0 	!	 porl 14830.0000000000 141.6132000000 -38.3434000000 7.0000000000 14080.6838803193
350 -1.4851780818 43.6833954434 0 	!	 port 32412.0000000000 -1.0615700000 45.5685000000 34.0000000000 872265.6403639690
351 92.8024980618 11.5888427989 0 	!	 pric 68659.0000000000 -61.7648280000 12.0053920000 451.0000000000 11142.9677525192
352 -1.4851780818 43.6833954434 0 	!	 prud 32412.0000000000 -148.5100000000 70.3880000000 34.0000000000 373246.6531270547
353 -70.3426292953 43.3882685955 0 	!	 psla 58116.0000000000 -89.4067000000 28.9317000000 44.0000000000 30825.3169882949
354 -70.6227807121 19.8163859226 0 	!	 PT17 26562.0000000000 8.4039000000 40.8422000000 240.0000000000 8516.4639632914
355 -1.4851780818 43.6833954434 0 	!	 ptbl 32412.0000000000 92.7600000000 11.6800000000 34.0000000000 394591.0321446473
356 -46.0656048370 60.5548181910 0 	!	 ptln 7249.0000000000 3.0372000000 43.0092000000 67.0000000000 18177.2693931549
357 114.0715026760 22.1719559739 0 	!	 ptme 8778.0000000000 -70.2466000000 43.6566000000 18.0000000000 19714.5455967494
358 -84.3232746575 9.4437134856 0 	!	 ptpl 40423.0000000000 -70.7020110000 19.7987940000 48.0000000000 16912.5834461715
359 3.5184142068 51.6240322049 0 	!	 ptve 29794.0000000000 3.1073300000 42.5201000000 5.0000000000 1024774.1065237746
360 -159.6625600923 -21.2483257178 0 	!	 qaqo 38217.0000000000 -46.0350000000 60.7176000000 2785.0000000000 13591.3064768173
361 -1.4851780818 43.6833954434 0 	!	 quar 32412.0000000000 114.2133333000 22.2911111000 34.0000000000 1563377.8777513995
362 -3.6314955381 48.7428841421 0 	!	 quepo 71909.0000000000 -84.1702000000 9.4255000000 14.0000000000 24649.4897886161
363 -61.3116871815 15.5546765133 0 	!	 RA10 20396.0000000000 12.2829361111 44.4920750000 36.0000000000 28037.3742711578
364 -1.4851780818 43.6833954434 0 	!	 raro 32412.0000000000 -159.7830000000 -21.2000000000 34.0000000000 1376505.3137578969
365 95.1584996395 5.8223745418 0 	!	 RC09 64899.0000000000 15.6489166667 38.1217194444 669.0000000000 19374.5787427730
366 -2.1382225115 43.3389637245 0 	!	 rosc 81352.0000000000 -3.9655555556 48.7186111111 10.0000000000 442262.5809534711
367 -2.2244369706 47.2110861358 0 	!	 rose 70115.0000000000 -61.3891833000 15.3138500000 1.0000000000 5743.3794031063
368 145.7360892373 14.9659485518 0 	!	 SA16 22991.0000000000 14.7508388889 40.6766416667 1193.0000000000 28989.1563033316
369 54.0576997718 16.9448196418 0 	!	 saba 40960.0000000000 95.3333000000 5.8333000000 20.0000000000 5533.6548566294
370 -38.5799367908 -13.0321077275 0 	!	 sagu 69968.0000000000 -0.2062400000 39.6339200000 47.0000000000 9943.2594650434
371 -3.9526227878 43.5164763857 0 	!	 sain 79506.0000000000 -2.2000000000 47.2600000000 14.0000000000 14427.4592128539
372 -81.6489436541 12.4712182222 0 	!	 saip 22372.0000000000 145.7416000000 15.2266000000 709.0000000000 12326.4485351536
373 -79.9569171106 -26.0046428239 0 	!	 sala 53747.0000000000 54.0067000000 16.9350000000 3944.0000000000 35377.5081033201
374 -66.3521632046 18.5264392725 0 	!	 salv 5710.0000000000 -38.5166670000 -12.9673330000 478.0000000000 25852.6208535224
375 -1.4851780818 43.6833954434 0 	!	 san2 32412.0000000000 -3.7907600000 43.4613000000 34.0000000000 1405555.3280743910
376 -1.4851780818 43.6833954434 0 	!	 sana 32412.0000000000 -81.7014920000 12.5694890000 34.0000000000 35744.3756815193
377 -1.4851780818 43.6833954434 0 	!	 sanf3 32412.0000000000 -80.1085480000 -26.2922150000 34.0000000000 419011.0346231342
378 -149.5314953573 59.8309448728 0 	!	 sanj 77601.0000000000 -66.1167000000 18.4617000000 164.0000000000 32553.6607458641
379 12.0505610482 65.3502547061 0 	!	 SC43 82370.0000000000 13.0764555556 37.5045416667 3.0000000000 412692.3388257656
380 7.3744179942 53.8200331454 0 	!	 scoa 13137.0000000000 -1.6816200000 43.3952000000 17.0000000000 1438164.3096985447
381 -1.4851780818 43.6833954434 0 	!	 sete 32412.0000000000 3.6991100000 43.3976000000 34.0000000000 909293.1107450405
382 159.9779535888 -9.3856147808 0 	!	 sewa 14604.0000000000 -149.4270000000 60.1190000000 42.0000000000 5406.7548168717
383 4.1100184091 52.0404069213 0 	!	 skagk 14653.0000000000 19.0125000000 63.1905560000 11.0000000000 1354197.6914131625
384 -5.7857496751 -15.8460348601 0 	!	 sobr 9262.0000000000 17.6200000000 42.7930000000 2057.0000000000 11051.1844834822
385 11.3202134140 58.2413818046 0 	!	 sole 75945.0000000000 9.3738000000 41.8358000000 15.0000000000 407649.6607970359
386 -2.8156084150 49.1717862292 0 	!	 solo 46323.0000000000 159.9555000000 -9.4289000000 39.0000000000 82395.6119182172
387 120.2548518855 14.6258594873 0 	!	 stari 33911.0000000000 16.5760000000 43.1810000000 29.0000000000 21439.9087106123
388 39.6498465113 -69.0575208512 0 	!	 sthl2 19993.0000000000 -5.7143940000 -15.9179180000 413.0000000000 6373.1589056884
389 7.3744179942 53.8200331454 0 	!	 sthm 13137.0000000000 18.0819440000 59.3241670000 17.0000000000 2263579.8248062991
390 -81.3088420809 -4.4070969531 0 	!	 stma 38945.0000000000 -2.0280000000 48.6416000000 12.0000000000 19251.4719762507
391 173.0380967979 1.2881306904 0 	!	 subi 8135.0000000000 120.2833000000 14.8167000000 1933.0000000000 14587.0874542467
392 -1.2848241717 44.5883489083 0 	!	 syow 44301.0000000000 39.5702780000 -69.0077780000 4.0000000000 1579838.4554268634
393 -1.4851780818 43.6833954434 0 	!	 syro 32412.0000000000 24.9411000000 37.4380000000 34.0000000000 364634.8441491444
394 56.4062888889 25.4663909979 0 	!	 tala 66734.0000000000 -81.2798500000 -4.5778000000 42.0000000000 2457947.9740720852
395 5.5799713133 53.4934308833 0 	!	 tara 35542.0000000000 172.9300000000 1.3625000000 2.0000000000 17915.1861789123
396 -1.6640014215 4.9191409034 0 	!	 tara1 73586.0000000000 17.2214000000 40.4759000000 27.0000000000 9869.8965698218
397 -1.2848241717 44.5883489083 0 	!	 tarr 44301.0000000000 1.2132500000 41.0789700000 4.0000000000 599664.2712832931
398 136.7189801302 36.8950161448 0 	!	 tasu 35518.0000000000 33.8362274170 36.2814636230 36.0000000000 47052.7243218152
399 4.1100184091 52.0404069213 0 	!	 ters 14653.0000000000 5.3328043352 53.4278341365 11.0000000000 999614.4989799495
400 -3.1904814973 47.5702092870 0 	!	 tkdi 11477.0000000000 -1.7449720000 4.8821230000 15.0000000000 20908.3098871651
401 -146.0065068166 60.4588496239 0 	!	 toul 22468.0000000000 5.9130600000 43.1172200000 1.0000000000 76542.6708185624
402 -2.1382225115 43.3389637245 0 	!	 toya 81352.0000000000 137.2200000000 36.7600000000 10.0000000000 459306.1570446169
403 -71.7132301279 -33.3023858694 0 	!	 TR22 46864.0000000000 13.7561000000 45.6544000000 92.0000000000 31563.2133622090
404 168.1806769839 -17.7645974435 0 	!	 tudy 39604.0000000000 -3.4470570000 47.6439130000 699.0000000000 13490.8604580951
405 3.5184142068 51.6240322049 0 	!	 vald2 29794.0000000000 -146.3620000000 61.1250000000 5.0000000000 950835.3542253701
406 -64.4811549229 -65.2748052299 0 	!	 vale 34515.0000000000 -0.3112800000 39.4420300000 73.0000000000 10205.0519241428
407 -1.2848241717 44.5883489083 0 	!	 valp2 44301.0000000000 -71.6278727500 -33.0276712800 4.0000000000 1443051.3446938605
408 -65.6528967990 18.1543191204 0 	!	 vanu 74270.0000000000 168.3077000000 -17.7553000000 17.0000000000 20322.7984024761
409 -9.0651748566 42.4809741092 0 	!	 VE19 54631.0000000000 12.4265280000 45.4182190000 77.0000000000 27603.6888013811
410 83.4625718713 17.8278846915 0 	!	 vern 24652.0000000000 -64.2700000000 -65.2500000000 26.0000000000 25381.4489791666
411 166.4551227976 19.0294077098 0 	!	 VI12 2080.0000000000 16.1770111111 41.8880833333 5067.0000000000 33649.9530610388
412 11.7456879900 56.1964366797 0 	!	 vieq 68264.0000000000 -65.4714000000 18.0939000000 24.0000000000 226500.5023868391
413 174.8154026206 -41.3940387864 0 	!	 vil2 30743.0000000000 -8.7700300000 42.6007100000 48.0000000000 12538.5011735164
414 -88.7265962975 29.8980615514 0 	!	 vish 52844.0000000000 83.2800000000 17.6800000000 12.0000000000 74769.3691103479
415 -157.6399857055 1.8643218247 0 	!	 wake 22220.0000000000 166.6180000000 19.2900000000 1632.0000000000 22835.7793860984
416 -65.6528967990 18.1543191204 0 	!	 warn 74270.0000000000 12.1033330000 54.1697220000 17.0000000000 22001.1969143067
417 174.8154026206 -41.3940387864 0 	!	 wlgt 30743.0000000000 174.7790967000 -41.2846217000 48.0000000000 12538.5011735164
418 -88.7265962975 29.8980615514 0 	!	 wlms 52844.0000000000 -89.3258000000 30.3264000000 12.0000000000 74769.3691103479
419 -157.6399857055 1.8643218247 0 	!	 xmas 22220.0000000000 -157.4730000000 1.9840000000 1632.0000000000 22835.7793860984
420 -65.6528967990 18.1543191204 0 	!	 yabu 74270.0000000000 -65.8330000000 18.0551000000 17.0000000000 22001.1969143067
