1 420
0 31536000 400
-65.8810320739 -47.7893584 1 dese
-64.942550047 -42.7910801655 2 madry
147.4528817791 -43.0408692106 3 bapj
122.1866319924 -17.9919996494 4 brom
145.9244576326 -41.0600042027 5 barn
117.9194926564 -14.9334305309 6 djve
130.8345673414 -12.4034892713 7 bork
150.9208334617 -34.4807959834 8 darw
114.1722402667 -21.8340972145 9 boul
150.7772412735 -23.158512409 10 pkem
148.0153250152 -42.5062238055 11 pmur
133.6790523981 -32.2347895085 12 ross
142.2355693145 -10.5283174724 13 sprg
2.8731443161 51.22080376 14 thev
-48.5958362851 -1.3144431971 15 trst
-125.2391699688 48.8054834093 16 oste
-52.6546816584 47.6094875007 17 bele
-123.2768317578 48.6147114523 18 bamf
-69.4551188039 -52.4519121716 19 stjo
-57.855764415 -63.306246923 20 vhbc
-70.8179536574 -27.053379529 21 greg
-71.3607268149 -29.9384748795 22 ohig3
-73.4858507452 -39.8751965983 23 cald
-71.5522067165 -32.1523480288 24 coqu
-71.6468389356 -30.2565354419 25 corr
-73.5870780373 -45.2936658774 26 pich
-67.7520708438 -55.2516609921 27 ptal
-71.5772487117 -32.7750611296 28 pcha
-73.1286126416 -36.6276622099 29 pwil
-73.155831094 -36.6943412845 30 qtro
178.4658776149 -18.1555573145 31 quir
-1.5837684531 49.6591653257 32 talc
45.2638771861 -12.7688207577 33 viti
-2.299534501 47.0072818108 34 cher
167.8482371051 -21.5227185779 35 dzao
-140.0653930724 -8.9734240079 36 herb
-2.8225881918 48.6500100924 37 mare
-2.8225881918 48.6500100924 38 nuku
-149.508622425 -23.3476817421 39 stqy
8.7576645191 53.8525859825 40 stqy2
7.9156196992 54.185367173 41 tubua
8.27535019 54.7425874499 42 cuxh
23.0995389039 37.9091883705 43 helg
12.569220797 35.4869189672 44 horn
131.4052428152 31.5658061477 45 itea
139.8857959583 40.6364134913 46 LA23
132.0216265901 34.8796913054 47 abur
145.5710861977 43.2799298922 48 fuka
124.1514776798 24.3304682938 49 hmda
135.775209999 33.4408199696 50 hana
144.3514476077 42.9934948733 51 ishig
129.9331311989 32.7113873507 52 kusm
127.636178168 26.2050664837 53 kush
138.2285636189 34.5876995685 54 naga
138.5149995076 38.2962113095 55 naha
133.3441460541 36.1883318111 56 omae
133.0144970559 32.77329843 57 sado
141.7263999777 45.4041864862 58 saig
-171.7121332298 -2.7650359407 59 tosa
-96.0507152647 15.760716028 60 waka
171.4541314015 -41.8827794252 61 kant
16.1711995533 69.2949805349 62 huat
26.0877090791 70.9806679001 63 chst
4.9568140296 62.0135494943 64 ande
11.2261315911 65.0368832651 65 honn
7.5709582611 57.9790421077 66 malo
31.2059353344 70.3974839219 67 rorv
125.6572076583 7.1027663487 68 treg
-176.1634812766 -9.5228084384 69 vard
-17.8825808012 27.786907254 70 davo
-13.8568253113 28.4769042575 71 dapi
-8.4670527949 43.3667422985 72 hie2
17.0324929045 58.514199213 73 fue2
18.2016383257 60.4150550016 74 coru
21.2253161026 64.8549615432 75 arko
11.636346858 57.6704100945 76 fors
20.408664282 63.6696339246 77 furu
23.1448333631 65.7149718989 78 gokr
14.9603155515 56.0716934597 79 holm
12.9206176205 55.5156868828 80 kalit
15.6403615155 56.0908062553 81 karl
11.0290762499 58.9948965611 82 klag
17.8801013618 58.7503678502 83 kung
17.1526282276 57.3643214012 84 kungr
16.4874503565 57.2671167174 85 land
17.1949361388 58.6533117851 86 olan
20.8727088443 63.976712136 87 oska
16.6345398919 57.363291247 88 oxel
14.3563922069 55.5208749826 89 rata
11.1972825928 58.3475155566 90 simp
17.6242232572 62.3067042428 91 simr
18.2538135656 57.6200464502 92 smog
39.1951186607 -6.1494172863 93 spik
-175.2105032908 -21.1225141173 94 visb
26.7075425191 40.5415170302 95 zanz
30.6115233141 36.8251401924 96 nkfa
26.6654192225 40.6308293273 97 amas
26.7075425191 40.5415170302 98 anta
-2.0421231011 57.1324095242 99 igne
-5.5354652801 54.6523559659 100 sile
1.3210334233 52.9325730994 101 abed
1.3512749438 51.1244400265 102 bang
1.3419571146 51.9428190591 103 crom
-2.912537057 54.0146195595 104 dove
-4.5797519186 53.340194135 105 harw
-4.095138249 51.217508653 106 heys
-5.1266827565 58.4372925658 107 holy2
-2.8237798999 56.129596156 108 ilfa
-1.0614028603 60.1699172573 109 kinl
-3.1051225168 53.4263794615 110 leit
1.7554554197 52.463851675 111 lerw2
-5.0971810403 51.6604430333 112 live
-4.9835042173 55.7441208795 113 lowe
-3.9947601957 51.5401086714 114 mhav
0.0965629586 50.7627181311 115 mill
-5.5222047963 50.1184013726 116 mumb
-3.0031587537 51.524115256 117 nhav
-1.395948591 54.9968808111 118 newl2
-4.1901295454 50.3099915705 119 npor
-5.1525600751 54.8672729921 120 nshi
-6.6135247758 55.2124581479 121 plym
-1.0194594122 50.7783451354 122 porp
0.8281816018 51.4299833059 123 prus
-6.3857532417 58.1132294654 124 ptmt
-0.6539676641 54.5034190706 125 shee
-3.0837439517 58.4043029082 126 stor
-3.5779130737 54.6176142368 127 whit
-122.5192121666 37.7726741906 128 wick
-123.719742539 38.91124582 129 work
-123.9798761793 46.1693658331 130 alam
-174.0736802957 52.2200018435 131 aren
-74.4539057779 39.3407976153 132 asto
-76.4488993248 38.8249912658 133 atka
-68.1784635569 44.3197708768 134 acnj
-76.7037773093 34.6891364589 135 bamd
-70.8779832316 42.3879827399 136 bame
-73.1036738221 41.1669389715 137 benc
-64.904038263 18.3049962893 138 boma
-123.1809413763 48.5782784032 139 bgct
-82.8351724054 27.9629716013 140 amal
-124.1675431039 41.7335423323 141 chrp
153.9052000493 11.8634619503 142 cwfl
171.9637446588 50.1213816404 143 cres
-75.7455071627 36.1830623266 144 dkwa
-166.488238284 53.9995504148 145 datu
-136.6277482704 58.1474349033 146 dpnc
-122.5192121666 37.7726741906 147 dutc
144.6190323674 13.4527528521 148 elak
-155.0846895793 19.7370046294 149 fpnt
-156.4894842409 20.9223218292 150 guam
-155.8308711669 20.0271604848 151 hilo
-81.8132156677 24.5408290856 152 kahu
-117.259737726 32.8901422018 153 kawa
-64.7336906665 17.6975061114 154 kwfl
144.7917750085 13.4202145886 155 lajo
-120.7897024844 35.1727327809 156 lime
-160.5237678782 55.3489105482 157 pagb
-135.3415670916 57.0192676237 158 pslu
-124.13929093 46.896546745 159 sdpt
-70.6152816517 41.5371569466 160 sitk
-139.8387256562 59.571629521 161 wpwa
79.836695199 6.9405034974 162 wood
-177.7302370312 -35.9634785733 163 yaku
-130.4661193277 54.3164747237 164 colo
144.3058169951 43.986403741 165 dnze
-89.843487901 13.5914624187 166 prin2
-99.9349539127 16.8138533504 167 abas
-176.7696259349 51.8664183919 168 acaj
-176.7696259349 51.8664183919 169 acap2
8.7696549152 41.9064553451 170 adak
-0.4996634527 38.3308064503 171 adak2
-154.3071644597 56.864658923 172 ajac
-2.4523896005 36.819378305 173 alac2
13.522392118 43.6298851083 174 alak2
-150.0282768687 61.1379590112 175 alme
-70.4256825282 -23.679391219 176 AN15
-84.8814911915 29.646171168 177 anch2
-91.378790008 29.4457019787 178 anto2
-66.6858634699 18.4855500842 179 apfl
-1.2567026384 44.6988162543 180 apla
-70.3282313213 -18.5024953881 181 aracS
35.8637702584 36.4453919264 182 arca
-4.5409724244 48.0059557894 183 aric2
12.6101169604 41.4453935947 184 arsu
16.8823377287 41.1291040857 185 audi
2.1666071386 41.349391296 186 AZ42
115.2369795154 -8.7402760508 187 BA05
-3.0359841007 43.3805113927 188 barc
57.7201187988 -20.4308172063 189 beno
-6.4203413517 36.7552123672 190 bil3
6.7271118129 53.5666214031 191 blueb
1.5647433542 50.7159336772 192 bon2
32.9827274423 36.0841312206 193 djve
-4.6274407999 48.2723747237 194 bork
-158.1238555188 21.310057514 195 darw
-73.8342665642 40.5517103865 196 boul
-69.0390449 12.199336614 197 bozy
9.1092523402 39.2074771128 198 bres
-77.1874256392 -12.0676360775 199 brpt
-1.8950143614 36.9772798564 200 btny2
-9.4530159334 38.6891562371 201 bull
-76.2806023337 38.5874293661 202 CA02
9.3408501642 42.9519669117 203 call
15.9227472744 39.5182880073 204 carb
8.3110520786 39.193175733 205 casc
142.1818726449 27.0744015164 206 cbmd
105.6493019341 -10.443378662 207 cent
91.7614874872 22.3230068881 208 CETR
151.9092058111 7.4312131788 209 CF06
11.7984370848 42.0784589838 210 chij
109.029784343 -7.7232987881 211 chrs
-74.962267486 39.0022615452 212 chtt
96.8823748409 -12.1414401384 213 chuu
76.2312750895 9.9835725161 214 CI20
-3.9204970669 47.8641554865 215 cili
-145.8238147604 60.4249974633 216 cmnj
-93.3250981764 29.7620622546 217 cocb
17.1417632006 39.0635483453 218 coch
15.122518701 37.5258793007 219 conc
-67.1827101547 44.6582408803 220 cord
-17.4287884399 14.660545841 221 cpla
-170.1422479312 49.6207757985 222 CR08
158.1867547279 7.0067010077 223 CT03
6.904756929 53.43028197 224 cwme
4.7214094157 52.9655578957 225 dakar
1.0911193622 49.9391118506 226 dchu
1.0911193622 49.9391118506 227 deke
-148.5885209863 55.2574730977 228 delf
-129.5638431234 48.8188093152 229 denh
-156.8867008122 52.7091194417 230 diep
2.3180741555 51.059110153 231 diep2
-109.4549925762 -27.1651819611 232 dkod
-78.9596691886 9.5575035048 233 dsea
-66.922350696 44.8672566387 234 dshu
34.2834523974 36.5655121988 235 dunk
121.8898569266 -33.8864334916 236 east2
3.2705995989 52.021049612 237 elpo
-65.6254384838 18.3460878389 238 epme
-81.4231227294 30.6811184917 239 erdem
147.0668520951 -19.2528383687 240 espe
6.9291450608 43.4697856365 241 euro
-81.9398902566 26.4377190157 242 faja
179.2022229468 -8.5137281919 243 fbfl
-38.4536319767 -3.7275997976 244 ferg
-80.8353439805 32.013009981 245 figu
-166.2939385953 23.8629855958 246 fmfl
-61.1116158854 14.6062600476 247 fong
13.5789246504 41.1895496249 248 fort
-134.9623994644 -23.1163346751 249 fpga
-0.1351991338 38.9789598839 250 fren
73.1649952097 -0.659103902 251 ftfr
72.3891265303 -7.3055629058 252 GA37
8.8970064929 44.3949814046 253 gamb
15.2293994109 38.7608655233 254 gand
-5.3367214956 36.118771281 255 ganm
-5.6866396223 43.5517498866 256 garc
-89.94665014 29.2653208831 257 GE25
25.8419667314 40.2166761435 258 GI20
-94.7612561736 29.3047301705 259 gibr3
140.763815663 41.7674766294 260 gij2
73.1756048878 6.7573272946 261 gila
5.4037742445 53.1582479862 262 gokc
115.7324605213 -31.8310783727 263 gptx
-138.9976436912 -9.8560909087 264 hako
4.1280167697 52.0046629239 265 hani
-1.1582121986 46.0210197762 266 harl
25.7645973005 34.9966477402 267 hill
15.4913117904 42.0895959141 268 hiva
168.6040209069 -43.9617137056 269 hoek
-2.1595784031 49.189186064 270 iaix
-169.5172110959 16.7534193388 271 iera
-78.8697101774 -33.6416912723 272 IT45
22.1388643275 37.0149365982 273 jack
154.8018654125 1.0697780023 274 jers
66.9373002359 24.8146239917 275 john
21.3551668694 37.6575110132 276 juan
70.4416935126 -49.4211072592 277 kala
70.4416935126 -49.4211072592 278 kapi
10.3161224809 54.5057414797 279 kara
-152.4091531977 57.6933624154 280 kata
167.7243755113 8.7448860819 281 kerg
9.820768801 44.0494164153 282 kerg2
-80.9285692255 -2.2115804473 283 kiel
-64.7153782364 18.3022296299 284 kodi2
40.8661963764 -2.3083655023 285 kwaj
-1.2497870942 46.1395292301 286 LA38
-4.7810725752 48.3474305418 287 lali
-2.8573925841 47.5133268638 288 lame2
123.9155536636 13.1752818073 289 lamu
0.0854837474 49.4811722306 290 larp
116.0640758926 -8.6638678841 291 leco
-1.7682082454 46.4775813619 292 lecy
177.4181282233 -17.6290863033 293 lega
10.303597804 43.5792154452 294 leha
-67.0121845368 17.955455193 295 lemba
37.9037781894 -46.8670288427 296 leso
-4.4320041271 36.6940330749 297 levu
134.4433328621 7.3483546635 298 LI11
73.5100191847 4.2034245035 299 magi
120.9524513515 14.5977052884 300 mais
5.3525590346 43.2743601789 301 mal3
171.3711231343 7.0833152126 302 mala
-72.0832167928 -17.0215129494 303 Male2
-67.161358999 18.201647936 304 mani
10.1936886885 42.7308432583 305 mars
15.5291534539 38.1268845274 306 marsh
26.6465081642 38.5068866804 307 mata
139.8221967285 34.9055515728 308 maya
-177.3742563584 28.2019961757 309 MC41
153.9508597604 24.2878650913 310 ME13
-104.3186215714 19.0135324371 311 ment
-67.9457547071 18.1166423581 312 mera
7.4137734587 43.7224725956 313 midx
-71.9679581394 41.0467811434 314 mins
-3.516778131 36.7147871 315 mnza
28.4143898321 36.7915837471 316 mona2
14.2348473372 40.8258220546 317 monc
-61.1731714382 56.5287149463 318 mony
166.9020464689 -0.5191065365 319 motr
-159.3632758277 21.9264202705 320 mrms
-165.4140086315 64.4917709466 321 NA23
-51.9885179536 63.9932454922 322 nain
166.4146595217 -22.280694794 323 nauu
141.7711829968 39.0260652638 324 nawi
14.4026826853 42.3734322784 325 nome
18.4921735708 40.161992873 326 nuk1
-0.2165829788 49.2899680665 327 numb2
13.408750579 38.1058171642 328 ofun
-134.625284906 56.2763520889 329 OR24
-134.625284906 56.2763520889 330 OT15
-170.7231616199 -14.2515891799 331 ouis
2.6430780046 39.5592364988 332 PA07
-22.9872482938 16.7484483793 333 paak
-149.5653597859 -17.5224846174 334 paak2
-25.6786829084 37.7266578198 335 pago
13.5046524069 37.2857853532 336 palm
23.6145645537 37.8897459238 337 palm1
-158.0329278762 -9.0044854092 338 pape2
15.3129646459 40.026540012 339 pdas
-57.5395893363 -37.9921398598 340 PE09
-162.0735469969 5.9140158419 341 peir
-72.9574483589 -41.5015683802 342 penr
-87.2070519969 30.3152142184 343 PL14
12.9456729975 40.8987687799 344 plat2
141.6308095878 -38.3536226726 345 plmy
-1.1064462914 45.548311147 346 pmon2
-61.7481271616 11.9907695014 347 pnfl
-148.4872775194 70.3726778099 348 PO40
-89.4191542244 28.9547059339 349 porl
8.3911352202 40.8443340082 350 port
92.7680573063 11.6599255404 351 pric
3.0582848548 42.9878281218 352 prud
-70.1987726923 43.5804601898 353 psla
-70.6981733614 19.8107604748 354 PT17
3.1371866611 42.4893500632 355 ptbl
-46.2024978413 60.6140946265 356 ptln
114.205455532 22.206651907 357 ptme
-84.2000579063 9.4489103998 358 ptpl
12.2874464385 44.5212818878 359 ptve
-159.7838665297 -21.1940283678 360 qaqo
15.6274335264 38.0879351542 361 quar
-3.9318384102 48.7631576523 362 quepo
-61.4042466352 15.3102328137 363 RA10
14.7902004866 40.6583446919 364 raro
95.3799974237 5.8403708717 365 RC09
-0.2054079723 39.6589731689 366 rosc
-2.2905893176 47.1940918182 367 rose
145.7186515799 15.2251930838 368 SA16
54.0048239063 16.9473128067 369 saba
-38.5061934279 -13.0173653535 370 sagu
-3.8633002399 43.4830743484 371 sain
-81.6986127675 12.5621566386 372 saip
-80.1117927713 -26.2985657465 373 sala
-66.10128454 18.4699323508 374 salv
13.0521755238 37.4975054697 375 san2
-1.6591239455 43.410508746 376 sana
3.7191166884 43.4052446759 377 sanf3
-149.4216690636 59.8826779756 378 sanj
18.9465329374 63.212746129 379 SC43
17.5819864899 42.716590979 380 scoa
9.40154673 41.8752993998 381 sete
159.9662612692 -9.4283386687 382 sewa
16.5019890262 43.1508415391 383 skagk
-5.7314964568 -15.9225080878 384 sobr
18.3529915509 58.9570323726 385 sole
-2.0511773646 48.7153657653 386 solo
120.1665957681 14.74201775 387 stari
39.5352905674 -69.0217540464 388 sthl2
24.9723031601 37.4624411685 389 sthm
-81.3016781476 -4.6029197503 390 stma
172.8998513541 1.3597259091 391 subi
17.1616947797 40.4336324095 392 syow
1.2236652585 41.0999503286 393 syro
33.7874996003 36.2052365865 394 tala
5.3672435832 53.4267576285 395 tara
-1.7386594701 4.911561224 396 tara1
5.8816746544 43.0677538062 397 tarr
137.1892264872 36.7649129729 398 tasu
13.7407493744 45.680206965 399 ters
-3.4350673734 47.6697847183 400 tkdi
-146.8479071949 60.9195751616 401 toul
-0.3283603134 39.4212169693 402 toya
-71.6156502281 -33.0363897384 403 TR22
168.2996701243 -17.783935574 404 tudy
12.4389525815 45.4301321477 405 vald2
-64.2260733248 -65.2325582412 406 vale
16.1809297 41.8585362147 407 valp2
-65.4851288606 18.0891561705 408 vanu
-9.0497553261 42.6333902117 409 VE19
83.2724147721 17.6485280155 410 vern
166.6203026482 19.3031172223 411 VI12
12.0635656987 54.1816105314 412 vieq
174.7461132057 -41.3546286289 413 vil2
-89.3228564924 30.3056943252 414 vish
-157.4916889767 2.0121836103 415 wake
-65.8272379633 18.0401368797 416 warn
174.7461132057 -41.3546286289 417 wlgt
-89.3228564924 30.3056943252 418 wlms
-157.4916889767 2.0121836103 419 xmas
-65.8272379633 18.0401368797 420 yabu
