1 420
0 31536000 400
-65.8927146814 -47.7615068436 1 dese
-65.0185148806 -42.7764999019 2 madry
147.508610976 -42.8847640017 3 bapj
122.2183457184 -17.9859354853 4 brom
145.9060267815 -41.0451967829 5 barn
117.9506713347 -14.8956039656 6 djve
130.8261257002 -12.4438015422 7 bork
150.90563371 -34.4702955787 8 darw
114.2030812004 -21.8315146765 9 boul
150.8047397629 -23.1529956883 10 pkem
147.9512201867 -42.5572902334 11 pmur
133.6491538393 -32.1573109392 12 ross
142.1780885993 -10.5828890093 13 sprg
2.9065712782 51.2358451071 14 thev
-48.6040581914 -1.3810220825 15 trst
-125.1857254715 48.8678864722 16 oste
-52.6754576563 47.5728671971 17 bele
-123.250336477 49.2831049459 18 bamf
-70.194932732 -52.6420640989 19 stjo
-57.9256218293 -63.3070116395 20 vhbc
-70.8569997637 -27.0479689752 21 greg
-71.3581280631 -29.9396600274 22 ohig3
-73.4044637448 -39.8618911269 23 cald
-71.5496449772 -32.1480162946 24 coqu
-71.6042725389 -30.2940312386 25 corr
-73.5697804034 -45.217210363 26 pich
-67.2949225396 -54.9297347368 27 ptal
-71.5426330267 -32.7819941778 28 pcha
-73.0533803668 -36.6311182582 29 pwil
-73.1016080226 -36.6863685338 30 qtro
178.4277097599 -18.1386269826 31 quir
-1.6063382852 49.6489542542 32 talc
45.2434486694 -12.7780293625 33 viti
-2.2957831111 47.0093205653 34 cher
167.8646840207 -21.5345884736 35 dzao
-140.0975708626 -8.935678671 36 herb
-2.8206491755 48.6390334882 37 mare
-2.8206491755 48.6390334882 38 nuku
-149.4828130764 -23.3314875686 39 stqy
8.7024162572 53.880590118 40 stqy2
7.8930715803 54.178087988 41 tubua
8.2967721526 54.7539646759 42 cuxh
22.4118972247 38.407651349 43 helg
12.5813644555 35.4976867074 44 horn
131.4139218534 31.5887292407 45 itea
139.9248778076 40.6747765781 46 LA23
132.0696428403 34.9114310172 47 abur
145.5631794886 43.2636104425 48 fuka
124.1799634606 24.3210356512 49 hmda
135.7629596463 33.4793369154 50 hana
144.3573658359 42.9791999823 51 ishig
129.9180583643 32.6924393368 52 kusm
127.6714042786 26.2231418513 53 kush
138.2106543477 34.6202193493 54 naga
138.5197746071 38.3298700369 55 naha
133.3407302818 36.1926667977 56 omae
132.9802064772 32.7973131818 57 sado
141.6969512903 45.4014617999 58 saig
-171.7256823376 -2.8128967995 59 tosa
-96.1249597331 15.733519441 60 waka
171.4457788283 -41.8938966011 61 kant
16.1035009443 69.3168861526 62 huat
25.9873809618 70.9536951478 63 chst
4.9835577879 61.9616487987 64 ande
11.0427530482 64.822156633 65 honn
7.6356865102 57.9767425677 66 malo
31.0910845265 70.3812227158 67 rorv
125.6918991889 7.1882006625 68 treg
-176.2222173521 -9.4684171341 69 vard
-17.8960290281 27.7799797915 70 davo
-13.8585971784 28.4796324258 71 dapi
-8.3805238837 43.4040012105 72 hie2
16.9674559476 58.4795202107 73 fue2
18.2149199687 60.4026395439 74 coru
21.2943983799 64.8947534181 75 arko
11.726398479 57.6327918985 76 fors
20.3859888529 63.6695431616 77 furu
23.1739315762 65.6957066379 78 gokr
14.8650229947 56.1560158027 79 holm
12.9131098499 55.5292329787 80 kalit
15.5958663264 56.0803309719 81 karl
11.0464329217 58.9867505186 82 klag
17.866052991 58.775125304 83 kung
17.0811147685 57.3706449908 84 kungr
16.4900315166 57.2857657853 85 land
17.1149850022 58.6476937051 86 olan
20.915004618 64.0057184717 87 oska
16.6813951232 57.4117867803 88 oxel
14.3634910796 55.5429549161 89 rata
11.2005696093 58.3431302226 90 simp
17.497590357 62.3543284433 91 simr
18.2915956577 57.6442636473 92 smog
39.1896432654 -6.1552334261 93 spik
-175.1930368861 -21.1335925119 94 visb
26.8150163508 40.627283697 95 zanz
30.5984381792 36.8158003329 96 nkfa
26.7770975457 40.6526448869 97 amas
26.8150163508 40.627283697 98 anta
-2.0464618098 57.1249802456 99 igne
-5.6947143885 54.6690855376 100 sile
1.3289589649 52.9272546631 101 abed
1.328475181 51.1011408942 102 bang
1.3007126806 51.9430631673 103 crom
-2.9126658308 54.0396198008 104 dove
-4.631600601 53.3199967522 105 harw
-4.1223224901 51.2139648317 106 heys
-5.1484067552 58.462581832 107 holy2
-3.1515379211 55.9808412814 108 ilfa
-1.071555981 60.1844151066 109 kinl
-3.0433678233 53.4700534146 110 leit
1.7674192838 52.4690690207 111 lerw2
-5.1245180909 51.6560113452 112 live
-4.9579530997 55.7450645812 113 lowe
-4.0024739827 51.5610360121 114 mhav
0.0343174361 50.7785256856 115 mill
-5.5380199183 50.075042342 116 mumb
-2.9839023844 51.5462789552 117 nhav
-1.4231468465 55.0275957199 118 newl2
-4.2266759572 50.3239687186 119 npor
-5.1119615545 54.8299391415 120 nshi
-6.6977957548 55.2308491189 121 plym
-1.0644212385 50.7768434325 122 porp
0.7232169561 51.4611167716 123 prus
-6.3268358817 58.1723858287 124 ptmt
-0.5827346616 54.4855987113 125 shee
-3.0861062182 58.406828619 126 stor
-3.5855963262 54.6548279901 127 whit
-122.3232352021 37.8319833978 128 wick
-123.7170516756 38.9140962971 129 work
-123.7659375543 46.2150753865 130 alam
-174.1246409831 52.1986313639 131 aren
-74.4102481571 39.3729424866 132 asto
-76.4441213016 39.1871021317 133 atka
-68.1495682789 44.3437034578 134 acnj
-76.6878751209 34.6893827625 135 bamd
-70.9655339219 42.3608642719 136 bame
-73.1726468697 41.166035078 137 benc
-64.9097892359 18.311024956 138 boma
-122.772461825 48.8540400052 139 bgct
-82.8309457036 27.9633278721 140 amal
-124.1814564995 41.7430416289 141 chrp
153.9881921446 12.0260881689 142 cwfl
171.9357662358 50.1106005999 143 cres
-75.7524637283 36.1912089985 144 dkwa
-166.5033497005 53.9241347763 145 datu
-136.3559074525 58.1993511769 146 dpnc
-122.4840534374 37.8027206156 147 dutc
144.6460575208 13.4528761059 148 elak
-155.0487227101 19.73754211 149 fpnt
-156.4806398322 20.9048734157 150 guam
-155.8408661922 20.0453414096 151 hilo
-81.8085419136 24.5297144974 152 kahu
-117.2552237222 32.8794635255 153 kawa
-64.7623448157 17.6935483229 154 kwfl
144.7865687668 13.420372492 155 lajo
-120.7740985361 35.1621234431 156 lime
-160.4647709439 55.351598875 157 pagb
-135.3634945115 57.0431972271 158 pslu
-124.1356888927 46.8969244953 159 sdpt
-70.6879998867 41.5176629795 160 sitk
-139.7575041227 59.4993058097 161 wpwa
79.8529893384 6.9461734019 162 wood
-177.7970479576 -36.0644689437 163 yaku
-130.4461942788 54.3320229471 164 colo
144.2806072235 44.0247266972 165 dnze
-89.837718039 13.5701359897 166 prin2
-99.9228904646 16.8436445908 167 abas
-176.5665247525 51.8746284075 168 acaj
-176.5665247525 51.8746284075 169 acap2
8.7464370839 41.8958568426 170 adak
-0.4814324246 38.3377408388 171 adak2
-154.3039208193 56.8815719511 172 ajac
-2.4922780804 36.8244055337 173 alac2
13.5236165641 43.626413736 174 alak2
-149.8981238684 61.2378547227 175 alme
-70.4041726806 -23.6376814165 176 AN15
-84.9877308799 29.713085994 177 anch2
-91.3518867591 29.4376361393 178 anto2
-66.7130581995 18.473957233 179 apfl
-1.1882473506 44.6664394034 180 apla
-70.3383459848 -18.4562413642 181 aracS
35.8930915405 36.4206364163 182 arca
-4.5484481917 48.0086537442 183 aric2
12.6128497797 41.4486503789 184 arsu
16.8584924226 41.1339222809 185 audi
2.1548104528 41.3214035717 186 AZ42
115.2264628873 -8.7754954173 187 BA05
-3.0547899811 43.3788950892 188 barc
57.7172349489 -20.434770063 189 beno
-6.3781970556 36.7785609791 190 bil3
6.7432233715 53.5406933387 191 blueb
1.5798697561 50.7308786453 192 bon2
32.9361257376 36.0910443172 193 djve
-4.6091301294 48.3340775502 194 bork
-158.1285465169 21.334648148 195 darw
-74.0595978095 40.5900242756 196 boul
-69.0125542711 12.169936994 197 bozy
9.110293534 39.2101598399 198 bres
-77.1784259154 -12.0767074207 199 brpt
-1.8977156947 36.9762615525 200 btny2
-9.4288659414 38.6852156713 201 bull
-76.2050085717 38.6490257963 202 CA02
9.3475947337 42.9681894625 203 call
15.9210471108 39.5251707121 204 carb
8.3112748559 39.1446071659 205 casc
142.1818648104 27.0856214106 206 cbmd
105.6678799673 -10.4260016842 207 cent
91.7617888872 22.3286989313 208 CETR
151.895011613 7.4522900206 209 CF06
11.7784905311 42.1006021671 210 chij
108.9846436824 -7.7772683149 211 chrs
-74.964025434 38.9826986026 212 chtt
96.8833978136 -12.1063937905 213 chuu
76.2401892779 9.940491126 214 CI20
-3.9106654326 47.8639101276 215 cili
-145.7188968613 60.468531021 216 cmnj
-93.3307902449 29.763116833 217 cocb
17.137232787 39.0678259469 218 coch
15.0881089499 37.4822528486 219 conc
-67.1889839988 44.6555824244 220 cord
-17.4197603701 14.6801317054 221 cpla
-169.9236978791 49.5444133348 222 CR08
158.2118982753 6.9714122144 223 CT03
6.9672466034 53.3256097415 224 cwme
4.6981257458 52.9645305871 225 dakar
1.0762979429 49.9322520998 226 dchu
1.0762979429 49.9322520998 227 deke
-148.6056791893 55.256573401 228 delf
-129.6550611549 48.7973897842 229 denh
-156.7772894707 52.7111875764 230 diep
2.3656089573 51.0539165343 231 diep2
-109.4498232052 -27.1588707852 232 dkod
-78.9314858892 9.5620656724 233 dsea
-66.9212956661 44.8719875727 234 dshu
34.2628187296 36.5487561453 235 dunk
121.8948985618 -33.8827205242 236 east2
3.2836398768 51.9912153374 237 elpo
-65.629850182 18.3390586357 238 epme
-81.4298426306 30.6581362522 239 erdem
147.0597600644 -19.2612532828 240 espe
6.9381246334 43.4819339421 241 euro
-81.9403177221 26.4410466893 242 faja
179.1957671607 -8.4853562418 243 fbfl
-38.4643471272 -3.7147479762 244 ferg
-80.8718577341 32.0495225152 245 figu
-166.2834465071 23.8640380315 246 fmfl
-61.0605502057 14.5871871838 247 fong
13.5931457934 41.2110397305 248 fort
-134.975924536 -23.1351493007 249 fpga
-0.1492683861 38.9917769687 250 fren
73.1628340833 -0.6893757641 251 ftfr
72.389812758 -7.2872518763 252 GA37
8.9104734127 44.395190303 253 gamb
15.1963940521 38.7768774924 254 gand
-5.3620588271 36.1610644385 255 ganm
-5.6966555614 43.5552050628 256 garc
-89.9639925814 29.2670308553 257 GE25
25.8771827635 40.2322855616 258 GI20
-94.7706259227 29.3011548032 259 gibr3
140.7274730368 41.7566083767 260 gij2
73.1640957527 6.782120393 261 gila
5.4081421826 53.1675783347 262 gokc
115.740165811 -31.8419517052 263 gptx
-139.0185267177 -9.8142962104 264 hako
4.1214598149 51.9991459329 265 hani
-1.1564265453 46.0042193353 266 harl
25.7453557282 35.0076986407 267 hill
15.5111663388 42.1035736862 268 hiva
168.6022694864 -43.9651988772 269 hoek
-2.1228164941 49.1885692478 270 iaix
-169.5367864266 16.7404222061 271 iera
-78.8122568918 -33.622708171 272 IT45
22.1246197433 37.0218724078 273 jack
154.8075328816 1.0872395725 274 jers
66.9689400029 24.7943277658 275 john
21.3086916236 37.6285305227 276 juan
70.2393908727 -49.3656607309 277 kala
70.2393908727 -49.3656607309 278 kapi
10.2626744699 54.511927444 279 kara
-152.4109214739 57.7187634958 280 kata
167.747940618 8.7446707161 281 kerg
9.9033213583 44.0768686331 282 kerg2
-80.9214376743 -2.2135103833 283 kiel
-64.7345435275 18.3118084384 284 kodi2
40.901249616 -2.3014649441 285 kwaj
-1.2044642078 46.144370687 286 LA38
-4.786019061 48.358794317 287 lali
-2.9083257423 47.534025699 288 lame2
123.7628622533 13.1429118597 289 lamu
0.0939366392 49.4767902744 290 larp
116.0584878363 -8.690561834 291 leco
-1.8007787098 46.4851683533 292 lecy
177.4368998811 -17.6163387715 293 lega
10.3051946652 43.564442322 294 leha
-67.0461170498 17.9468831033 295 lemba
37.8582367436 -46.859931497 296 leso
-4.4280711481 36.7045567579 297 levu
134.428016492 7.3196326177 298 LI11
73.5392438175 4.1810851273 299 magi
120.952722309 14.5735341117 300 mais
5.3568213785 43.3087201434 301 mal3
171.3701182409 7.0934598313 302 mala
-72.1118537775 -16.9951436495 303 Male2
-67.1631920944 18.2118979213 304 mani
10.2338030857 42.7268544373 305 mars
15.5702719614 38.1835240517 306 marsh
26.7304655413 38.433531463 307 mata
139.8266904739 34.905809492 308 maya
-177.3585814451 28.2108803517 309 MC41
153.9731793902 24.2960925728 310 ME13
-104.3401634029 19.0631555306 311 ment
-67.9423344012 18.0969122245 312 mera
7.4297021982 43.7380920638 313 midx
-71.9608358449 41.0465327633 314 mins
-3.5388555732 36.7193692648 315 mnza
28.418971282 36.809809197 316 mona2
14.2687463293 40.836867825 317 monc
-61.4246267722 56.5832087861 318 mony
166.9025799166 -0.5271368972 319 motr
-159.3472899372 21.9439784948 320 mrms
-165.4681774567 64.500360983 321 NA23
-51.946667296 64.0982106669 322 nain
166.4197159408 -22.226021454 323 nauu
141.7667108592 39.0011464378 324 nawi
14.4131022588 42.3527966664 325 nome
18.5080320972 40.1461983821 326 nuk1
-0.2271825082 49.2739837902 327 numb2
13.386092838 38.110624585 328 ofun
-134.624801632 56.2509906515 329 OR24
-134.624801632 56.2509906515 330 OT15
-170.7030582978 -14.2964602488 331 ouis
2.6125944309 39.5468663899 332 PA07
-22.9839308407 16.7478940129 333 paak
-149.5722595067 -17.5385522446 334 paak2
-25.6869644369 37.7276966825 335 pago
13.5129784376 37.2869009778 336 palm
23.6213628632 37.9376281859 337 palm1
-158.0542866437 -8.9976604408 338 pape2
15.2987131208 40.0268405609 339 pdas
-57.5402247419 -37.9744371829 340 PE09
-162.085244253 5.9096652718 341 peir
-72.9521923713 -41.4781594995 342 penr
-87.2043643989 30.3180941832 343 PL14
12.9681645318 40.8880584736 344 plat2
141.6164708309 -38.3359053197 345 plmy
-1.0547097885 45.5514247098 346 pmon2
-61.7530502867 11.9925826061 347 pnfl
-148.544744887 70.3823164611 348 PO40
-89.3995886214 28.9139207846 349 porl
8.4168434248 40.8447425259 350 port
92.7372954222 11.6806021659 351 pric
3.0581016448 42.9946992449 352 prud
-70.206546866 43.6191702253 353 psla
-70.6888631745 19.8030213227 354 PT17
3.1269958477 42.5230683345 355 ptbl
-46.2584270327 60.6415524833 356 ptln
114.2581435973 22.2167162664 357 ptme
-84.1708740814 9.4303379879 358 ptpl
12.2879568341 44.496581382 359 ptve
-159.7784198089 -21.1977625815 360 qaqo
15.6378725514 38.1104514122 361 quar
-3.9776351036 48.7271672288 362 quepo
-61.4014123237 15.3112719451 363 RA10
14.7563072258 40.672668611 364 raro
95.3439365596 5.7929238089 365 RC09
-0.1966858381 39.6280911651 366 rosc
-2.2091219211 47.2272187798 367 rose
145.7292269287 15.2250964153 368 SA16
54.0211482642 16.9314445398 369 saba
-38.5297771452 -12.9763581789 370 sagu
-3.7749989184 43.4739274786 371 sain
-81.69607343 12.593208524 372 saip
-80.1023877623 -26.2895443587 373 sala
-66.1187207198 18.4696831445 374 salv
13.0908733646 37.5002176678 375 san2
-1.6793046708 43.3938848508 376 sana
3.7004652447 43.39629407 377 sanf3
-149.207431688 59.9739782859 378 sanj
19.0463033003 63.1991306398 379 SC43
17.6056168171 42.7759105127 380 scoa
9.4047247187 41.83495648 381 sete
159.9403394608 -9.4252423027 382 sewa
16.5578671693 43.1394121867 383 skagk
-5.716910543 -15.915071749 384 sobr
18.6243409444 59.0626826364 385 sole
-2.0195278057 48.6564369916 386 solo
120.2397108205 14.7593322959 387 stari
39.5315588669 -68.9938320306 388 sthl2
24.9678111079 37.4189104458 389 sthm
-81.2789794858 -4.5654520592 390 stma
172.9217414213 1.3602463153 391 subi
17.1767951208 40.4844382869 392 syow
1.2176058131 41.0668383945 393 syro
33.8610006314 36.2716703753 394 tala
5.3177077508 53.4148037274 395 tara
-1.7294789229 4.8861535646 396 tara1
5.9313021307 43.0693491822 397 tarr
137.2264899836 36.7658202027 398 tasu
13.7561913985 45.6335148089 399 ters
-3.4292773936 47.6447491459 400 tkdi
-146.8502568361 60.9546219822 401 toul
-0.3007440293 39.4346649947 402 toya
-71.6133418741 -33.0394072797 403 TR22
168.3012217942 -17.7780797691 404 tudy
12.4344291885 45.4301924317 405 vald2
-64.2599593129 -65.2622544317 406 vale
16.1663349624 41.8922805855 407 valp2
-65.475926528 18.0910216747 408 vanu
-8.8976603027 42.5737473956 409 VE19
83.3005214315 17.6751973481 410 vern
166.6006932974 19.2942383275 411 VI12
12.1126821101 54.1814600905 412 vieq
174.8140403934 -41.3473072743 413 vil2
-89.3066724013 30.3163961057 414 vish
-157.4845998595 1.9997911909 415 wake
-65.8182197057 18.0590360923 416 warn
174.8140403934 -41.3473072743 417 wlgt
-89.3066724013 30.3163961057 418 wlms
-157.4845998595 1.9997911909 419 xmas
-65.8182197057 18.0590360923 420 yabu
