1 420
0 31536000 400
-65.9026107788 -47.764339447 1 dese
-65.0184173584 -42.7591018677 2 madry
147.3832702637 -42.9286384583 3 bapj
122.2228927612 -18.0045795441 4 brom
145.9211425781 -41.0410385132 5 barn
118.0281829834 -14.9741201401 6 djve
130.8403625488 -12.4707202911 7 bork
150.9056854248 -34.4767684937 8 darw
114.1934204102 -21.8225402832 9 boul
150.7983551025 -23.1587696075 10 pkem
147.9358825684 -42.5486717224 11 pmur
133.6478729248 -32.1575012207 12 ross
142.2297363281 -10.5580701828 13 sprg
2.9268701077 51.2408294678 14 thev
-48.5015182495 -1.4403300285 15 trst
-125.1441574097 48.8318710327 16 oste
-52.6819801331 47.5686302185 17 bele
-123.1661529541 49.297039032 18 bamf
-70.1948623657 -52.653339386 19 stjo
-57.9209518433 -63.3164787292 20 vhbc
-70.8168869019 -27.0616207123 21 greg
-71.3331298828 -29.9404792786 22 ohig3
-73.4387207031 -39.8580513 23 cald
-71.5421218872 -32.1382408142 24 coqu
-71.6016235352 -30.2896003723 25 corr
-72.8158111572 -45.4628410339 26 pich
-67.3369598389 -54.9146385193 27 ptal
-71.5345993042 -32.7790298462 28 pcha
-73.0538635254 -36.6259002686 29 pwil
-73.1053390503 -36.7096595764 30 qtro
178.4250335693 -18.1357002258 31 quir
-1.628090024 49.6599807739 32 talc
45.2584991455 -12.7767095566 33 viti
-2.2974801064 47.0194015503 34 cher
167.8806304932 -21.5558395386 35 dzao
-140.0911102295 -8.9323797226 36 herb
-2.8222401142 48.6429786682 37 mare
-2.8222401142 48.6429786682 38 nuku
-149.4694824219 -23.3410892487 39 stqy
8.7308301926 53.8699913025 40 stqy2
7.868159771 54.1776313782 41 tubua
8.2842798233 54.7554512024 42 cuxh
22.4254302979 38.4125099182 43 helg
12.6139202118 35.5003700256 44 horn
131.418182373 31.5822792053 45 itea
139.9189453125 40.6431884766 46 LA23
132.0642547607 34.9043006897 47 abur
145.5649261475 43.2719192505 48 fuka
124.1670074463 24.3288497925 49 hmda
135.7575836182 33.4812583923 50 hana
144.3689575195 42.9794311523 51 ishig
129.8227844238 32.7250213623 52 kusm
127.6698379517 26.209859848 53 kush
138.2240447998 34.6038513184 54 naga
138.5208892822 38.3172111511 55 naha
133.3358306885 36.1815299988 56 omae
132.9734802246 32.7934303284 57 sado
141.6906890869 45.4135284424 58 saig
-171.7402191162 -2.8005599976 59 tosa
-96.1251373291 15.7534198761 60 waka
171.4354248047 -41.8881912231 61 kant
16.129119873 69.3235626221 62 huat
25.9472408295 70.971862793 63 chst
5.1076197624 61.9367485046 64 ande
11.2195100784 64.867729187 65 honn
7.550330162 57.9999008179 66 malo
31.1069507599 70.3673477173 67 rorv
125.6712265015 7.1603198051 68 treg
-176.2205657959 -9.4492902756 69 vard
-17.9036502838 27.773519516 70 davo
-13.8633003235 28.4920101166 71 dapi
-8.394370079 43.358089447 72 hie2
16.946680069 58.4834098816 73 fue2
18.2215595245 60.4084396362 74 coru
21.2437095642 64.9135284424 75 arko
11.7717399597 57.6894798279 76 fors
20.3448600769 63.70154953 77 furu
23.1157398224 65.7015914917 78 gokr
14.8258495331 56.1591110229 79 holm
12.904540062 55.5303916931 80 kalit
15.5717697144 56.1023788452 81 karl
11.1195802689 58.9976005554 82 klag
17.8609905243 58.7714004517 83 kung
17.0791606903 57.3689918518 84 kungr
16.4804191589 57.2795410156 85 land
17.1396808624 58.6666412354 86 olan
20.8738307953 63.9833488464 87 oska
16.6874694824 57.4043312073 88 oxel
14.3542804718 55.5521202087 89 rata
11.2232503891 58.3583717346 90 simp
17.5505008698 62.3655204773 91 simr
18.2993297577 57.6393318176 92 smog
39.1882781982 -6.1593499184 93 spik
-175.1878967285 -21.1342105865 94 visb
32.3835411072 41.7506484985 95 zanz
30.6226806641 36.8362503052 96 nkfa
28.0235691071 41.8865013123 97 amas
29.5943603516 41.178150177 98 anta
-2.0704100132 57.1549797058 99 igne
-5.6501998901 54.6730690002 100 sile
1.3103300333 52.9458999634 101 abed
1.3167500496 51.1161613464 102 bang
1.2828700542 51.953338623 103 crom
-2.9267199039 54.0348014832 104 dove
-4.6332697868 53.3097496033 105 harw
-4.0925297737 51.2159614563 106 heys
-5.0708899498 58.4644584656 107 holy2
-3.182849884 55.9892616272 108 ilfa
-1.1345499754 60.1493415833 109 kinl
-3.0400099754 53.4473800659 110 leit
1.764539957 52.4771308899 111 lerw2
-5.0890097618 51.6991004944 112 live
-4.9161000252 55.7543296814 113 lowe
-3.9667201042 51.5742683411 114 mhav
0.0685900003 50.7806816101 115 mill
-5.5452198982 50.0945587158 116 mumb
-2.9810400009 51.5413208008 117 nhav
-1.4129199982 55.0111885071 118 newl2
-4.1673197746 50.3254699707 119 npor
-5.1095499992 54.8275489807 120 nshi
-6.6580300331 55.2011413574 121 plym
-1.116410017 50.7973518372 122 porp
0.7267600298 51.4463806152 123 prus
-6.3749499321 58.1905784607 124 ptmt
-0.6269500256 54.4932899475 125 shee
-3.0647799969 58.4353294373 126 stor
-3.5718100071 54.6520118713 127 whit
-122.3020477295 37.7653884888 128 wick
-123.7013626099 38.9136695862 129 work
-123.7528915405 46.2121200562 130 alam
-174.1645965576 52.2304191589 131 aren
-74.4093933105 39.3534889221 132 asto
-76.5645828247 39.2666091919 133 atka
-68.2066268921 44.3968582153 134 acnj
-76.6651229858 34.7124404907 135 bamd
-71.0464324951 42.3597106934 136 bame
-73.1714172363 41.1780090332 137 benc
-64.9198074341 18.3307209015 138 boma
-122.755317688 48.8646583557 139 bgct
-82.8262329102 27.9766693115 140 amal
-124.1747589111 41.7432289124 141 chrp
153.8769989014 11.8730897903 142 cwfl
171.9184875488 50.2046585083 143 cres
-75.7422790527 36.1898803711 144 dkwa
-166.537612915 53.8733406067 145 datu
-136.3483734131 58.1897087097 146 dpnc
-122.4769668579 37.8026885986 147 dutc
144.6552124023 13.440290451 148 elak
-155.0552062988 19.7292404175 149 fpnt
-156.4675750732 20.9038906097 150 guam
-155.8318328857 20.0308704376 151 hilo
-81.8125305176 24.5464191437 152 kahu
-117.2549285889 32.8667984009 153 kawa
-64.7543716431 17.6993808746 154 kwfl
144.7944030762 13.4222097397 155 lajo
-120.7570266724 35.1540107727 156 lime
-160.5045928955 55.3334693909 157 pagb
-135.3259124756 57.0473518372 158 pslu
-124.1179199219 46.9017486572 159 sdpt
-70.6682128906 41.5286712646 160 sitk
-139.7308197021 59.5447502136 161 wpwa
79.8555603027 6.9417800903 162 wood
-177.7253570557 -36.0281600952 163 yaku
-130.3662261963 54.2504196167 164 colo
144.2976379395 44.0214805603 165 dnze
-89.8333969116 13.5686302185 166 prin2
-99.9063720703 16.8382797241 167 abas
-176.640335083 51.863861084 168 acaj
-176.640335083 51.863861084 169 acap2
8.7673997879 41.9174308777 170 adak
-0.4880099893 38.3342208862 171 adak2
-154.2541503906 56.900680542 172 ajac
-2.4726700783 36.8349685669 173 alac2
13.501830101 43.6298484802 174 alak2
-149.877822876 61.2329216003 175 alme
-70.3966674805 -23.6601009369 176 AN15
-84.9821624756 29.7214508057 177 anch2
-91.3396224976 29.4500293732 178 anto2
-66.7106018066 18.4772701263 179 apfl
-1.1725599766 44.6591415405 180 apla
-70.3265914917 -18.4810295105 181 aracS
35.8882484436 36.413520813 182 arca
-4.5499100685 48.0080909729 183 aric2
12.6333703995 41.4410896301 184 arsu
16.8614807129 41.1497612 185 audi
2.1555399895 41.3364181519 186 AZ42
115.2110671997 -8.7642202377 187 BA05
-3.0532801151 43.3750610352 188 barc
57.7080612183 -20.4417495728 189 beno
-6.3727998734 36.7988204956 190 bil3
6.7487502098 53.5477981567 191 blueb
1.5653100014 50.7214317322 192 bon2
32.9432411194 36.083820343 193 djve
-4.4841299057 48.3790397644 194 bork
-158.1234283447 21.3262195587 195 darw
-74.0169067383 40.7108688354 196 boul
-69.0246200562 12.1857299805 197 bozy
9.1256999969 39.2019004822 198 bres
-77.1610794067 -12.0763702393 199 brpt
-1.9065400362 36.9746284485 200 btny2
-9.4169998169 38.6927185059 201 bull
-76.0781173706 38.5879707336 202 CA02
9.3547296524 42.9700813293 203 call
15.9304704666 39.5234794617 204 carb
8.3198204041 39.1402206421 205 casc
142.1881408691 27.0984992981 206 cbmd
105.6731033325 -10.4223403931 207 cent
91.7589187622 22.3517093658 208 CETR
151.9082946777 7.4489102364 209 CF06
11.7994098663 42.0974388123 210 chij
109.0267410278 -7.7384800911 211 chrs
-74.9604187012 38.9704017639 212 chtt
96.903503418 -12.1144599915 213 chuu
76.2403030396 9.9405899048 214 CI20
-3.9113800526 47.863368988 215 cili
-145.7568969727 60.595539093 216 cmnj
-93.345123291 29.7583599091 217 cocb
17.1336708069 39.0824813843 218 coch
15.1027202606 37.5014381409 219 conc
-67.2048797607 44.6573791504 220 cord
-17.4262695312 14.6776103973 221 cpla
-169.7922668457 49.7569694519 222 CR08
158.2014770508 6.9802999496 223 CT03
6.9524598122 53.3413009644 224 cwme
4.7547001839 52.9615707397 225 dakar
1.0809299946 49.9415588379 226 dchu
1.0809299946 49.9415588379 227 deke
-148.5568237305 55.333770752 228 delf
-129.5599975586 48.8400192261 229 denh
-156.6918487549 52.6013298035 230 diep
2.3498699665 51.0474090576 231 diep2
-109.4505615234 -27.1548995972 232 dkod
-78.9432830811 9.5588798523 233 dsea
-66.9853134155 44.908618927 234 dshu
34.2506103516 36.5669212341 235 dunk
121.9106521606 -33.8664512634 236 east2
3.3223600388 51.9968490601 237 elpo
-65.6276321411 18.3290996552 238 epme
-81.4778823853 30.6869106293 239 erdem
147.058013916 -19.2667808533 240 espe
6.9424800873 43.4833602905 241 euro
-82.0172195435 26.5244007111 242 faja
179.2015533447 -8.5102500916 243 fbfl
-38.4664382935 -3.7214899063 244 ferg
-80.9061889648 32.0414581299 245 figu
-166.3022003174 23.8733291626 246 fmfl
-61.0560417175 14.6048898697 247 fong
13.5957603455 41.2125701904 248 fort
-134.9627227783 -23.1265602112 249 fpga
-0.160679996 39.0021781921 250 fren
73.1613082886 -0.6833099723 251 ftfr
72.3859329224 -7.2915301323 252 GA37
8.9187498093 44.3897285461 253 gamb
15.1947803497 38.7793388367 254 gand
-5.3703999519 36.1495094299 255 ganm
-5.6860098839 43.5487709045 256 garc
-89.9604492188 29.2696990967 257 GE25
25.8944702148 40.2298202515 258 GI20
-94.7932662964 29.3121299744 259 gibr3
140.7253265381 41.77394104 260 gij2
73.1637268066 6.7590298653 261 gila
5.421790123 53.1686897278 262 gokc
115.7269210815 -31.8216304779 263 gptx
-139.0381011963 -9.8154201508 264 hako
4.1271300316 51.9776496887 265 hani
-1.1749299765 46.0164299011 266 harl
25.7323093414 35.011428833 267 hill
15.4932098389 42.1250915527 268 hiva
168.6414337158 -43.9689102173 269 hoek
-2.117759943 49.1722793579 270 iaix
-169.5306243896 16.7397994995 271 iera
-78.8182525635 -33.6211891174 272 IT45
22.1136894226 37.0178489685 273 jack
154.8124694824 1.0708199739 274 jers
66.9648895264 24.8118495941 275 john
21.3128204346 37.6452102661 276 juan
70.2161483765 -49.3424301147 277 kala
70.2161483765 -49.3424301147 278 kapi
10.2604198456 54.4935684204 279 kara
-152.5092315674 57.7294502258 280 kata
167.7402038574 8.72976017 281 kerg
9.8674898148 44.0874290466 282 kerg2
-80.9188766479 -2.2079000473 283 kiel
-64.7265014648 18.3106498718 284 kodi2
40.8978118896 -2.3139998913 285 kwaj
-1.216629982 46.1662712097 286 LA38
-4.7911300659 48.3657684326 287 lali
-2.8944199085 47.5356292725 288 lame2
123.756477356 13.149939537 289 lamu
0.1137299985 49.4844398499 290 larp
116.0646820068 -8.7214202881 291 leco
-1.8033399582 46.4883995056 292 lecy
177.4371032715 -17.6009502411 293 lega
10.3001098633 43.5431785583 294 leha
-67.0368804932 17.9756507874 295 lemba
37.8513793945 -46.8688087463 296 leso
-4.41877985 36.7131614685 297 levu
134.4406585693 7.3282599449 298 LI11
73.526222229 4.1780500412 299 magi
120.968536377 14.5730600357 300 mais
5.3442502022 43.2871398926 301 mal3
171.3690948486 7.0913701057 302 mala
-72.1024017334 -17.0022792816 303 Male2
-67.1582183838 18.2252693176 304 mani
10.2458200455 42.7294006348 305 mars
15.5525197983 38.2004699707 306 marsh
26.7335605621 38.4323616028 307 mata
139.8285064697 34.9183692932 308 maya
-177.3483734131 28.2151908875 309 MC41
153.9602508545 24.3064193726 310 ME13
-104.3082122803 19.0691890717 311 ment
-67.9374313354 18.0822792053 312 mera
7.4165201187 43.7342605591 313 midx
-71.964630127 41.0521507263 314 mins
-3.5213599205 36.7150611877 315 mnza
28.35820961 36.7987709045 316 mona2
14.256529808 40.837890625 317 monc
-61.6790390015 56.5618896484 318 mony
166.9084625244 -0.5403500199 319 motr
-159.3402557373 21.9448890686 320 mrms
-165.4093475342 64.5009613037 321 NA23
-51.7205200195 64.1787109375 322 nain
166.4100341797 -22.2572593689 323 nauu
141.7551879883 39.0152893066 324 nawi
14.4220895767 42.3618507385 325 nome
18.4919300079 40.1375808716 326 nuk1
-0.2527100146 49.2870597839 327 numb2
13.3727798462 38.1226882935 328 ofun
-134.6526641846 56.2442588806 329 OR24
-134.6526641846 56.2442588806 330 OT15
-170.6770019531 -14.2927303314 331 ouis
2.6411700249 39.5539894104 332 PA07
-22.9759597778 16.7562408447 333 paak
-149.5771331787 -17.5367393494 334 paak2
-25.6729602814 37.7220687866 335 pago
13.5246095657 37.2832984924 336 palm
23.625749588 37.9383392334 337 palm1
-158.0343933105 -9.0097503662 338 pape2
15.2854404449 40.0215797424 339 pdas
-57.5356292725 -38.0069503784 340 PE09
-162.0861663818 5.8870100975 341 peir
-72.9599914551 -41.4912185669 342 penr
-87.2154006958 30.4052505493 343 PL14
12.9752998352 40.8964195251 344 plat2
141.6165008545 -38.3345794678 345 plmy
-1.0541599989 45.5680809021 346 pmon2
-61.7618713379 11.99036026 347 pnfl
-148.4947357178 70.3957214355 348 PO40
-89.4103469849 28.9313602448 349 porl
8.4026403427 40.8393211365 350 port
92.7676467896 11.682510376 351 pric
3.0466899872 43.0141601562 352 prud
-70.2406921387 43.6578483582 353 psla
-70.6979217529 19.8127002716 354 PT17
3.1093800068 42.5168495178 355 ptbl
-46.019241333 60.7147598267 356 ptln
114.2589035034 22.2511005402 357 ptme
-84.170463562 9.432390213 358 ptpl
12.271900177 44.4948501587 359 ptve
-159.7814941406 -21.199420929 360 qaqo
15.6422996521 38.1237983704 361 quar
-3.9772500992 48.7252807617 362 quepo
-61.3851318359 15.3031997681 363 RA10
14.7629699707 40.6730690002 364 raro
95.3577270508 5.8177700043 365 RC09
-0.2111700028 39.6292991638 366 rosc
-2.1953999996 47.2668418884 367 rose
145.7312774658 15.2338495255 368 SA16
54.007358551 16.9334506989 369 saba
-38.5165481567 -12.9659204483 370 sagu
-3.7644400597 43.4653091431 371 sain
-81.702003479 12.5629796982 372 saip
-80.0982971191 -26.2848892212 373 sala
-66.1171569824 18.4545707703 374 salv
13.0625495911 37.4936904907 375 san2
-1.681049943 43.3977584839 376 sana
3.7124199867 43.39868927 377 sanf3
-149.4172363281 60.1226615906 378 sanj
19.0291309357 63.1890106201 379 SC43
17.6068191528 42.7881889343 380 scoa
9.4064798355 41.8190612793 381 sete
159.9652557373 -9.430439949 382 sewa
16.5825996399 43.2207603455 383 skagk
-5.7120499611 -15.9096603394 384 sobr
18.3309803009 59.2564582825 385 sole
-2.0353701115 48.6499404907 386 solo
120.2741470337 14.8225898743 387 stari
39.5384216309 -69.0075531006 388 sthl2
24.9606304169 37.4361381531 389 sthm
-81.2781906128 -4.5850901604 390 stma
172.9178466797 1.366320014 391 subi
17.2205200195 40.4677391052 392 syow
1.2172299623 41.0894203186 393 syro
33.842590332 36.2825317383 394 tala
5.3334298134 53.4356994629 395 tara
-1.7476400137 4.8747501373 396 tara1
5.9148001671 43.1103591919 397 tarr
137.2227172852 36.7506713867 398 tasu
13.75922966 45.6541786194 399 ters
-3.4416799545 47.6479988098 400 tkdi
-146.698928833 61.0496292114 401 toul
-0.3233700097 39.4423217773 402 toya
-71.6292266846 -33.0206794739 403 TR22
168.2995605469 -17.7567405701 404 tudy
12.4288301468 45.4290390015 405 vald2
-64.2671279907 -65.2365493774 406 vale
16.1697406769 41.8877487183 407 valp2
-65.4685592651 18.0951499939 408 vanu
-8.785900116 42.6068191528 409 VE19
83.2894897461 17.6600208282 410 vern
166.6307067871 19.2911090851 411 VI12
12.0953598022 54.1835212708 412 vieq
174.8117370605 -41.3351707458 413 vil2
-89.3189086914 30.3350791931 414 vish
-157.481628418 1.9885200262 415 wake
-65.8181304932 18.0490207672 416 warn
174.8117370605 -41.3351707458 417 wlgt
-89.3189086914 30.3350791931 418 wlms
-157.481628418 1.9885200262 419 xmas
-65.8181304932 18.0490207672 420 yabu
