1 420
0 31536000 400
-65.8064565221 -47.6937727029 1 dese
-64.7236845401 -43.1568089772 2 madry
147.4526335936 -43.2391882146 3 bapj
122.1257384272 -18.0383477928 4 brom
145.9271573239 -41.046983787 5 barn
118.0785163868 -14.9187093119 6 djve
130.8096732273 -12.4332099964 7 bork
150.9101329261 -34.5185259521 8 darw
114.0910884483 -21.7816515351 9 boul
150.770456426 -23.1299495079 10 pkem
147.9787244184 -42.5419211606 11 pmur
133.5060452359 -32.2957576885 12 ross
142.1489594023 -10.5459839308 13 sprg
2.9953723963 51.2879917856 14 thev
-48.2821051372 -0.8909378144 15 trst
-125.1510210976 48.7542112841 16 oste
-52.6434741598 47.5994907699 17 bele
-124.8898036614 48.6594279666 18 bamf
-68.6987558138 -52.5019164031 19 stjo
-57.8724674673 -63.2901386254 20 vhbc
-70.8321001191 -27.0152689097 21 greg
-71.3942942076 -30.076215808 22 ohig3
-73.4244444147 -39.8072014399 23 cald
-71.572804786 -32.1797478191 24 coqu
-71.5297970821 -30.2676092443 25 corr
-74.4125928341 -45.1790896639 26 pich
-67.0329001076 -55.153380472 27 ptal
-71.5120178811 -32.7611675542 28 pcha
-72.9826141023 -36.6278995791 29 pwil
-73.2333296748 -36.7628076267 30 qtro
178.3369883097 -18.143978636 31 quir
-1.5874894396 49.6684310491 32 talc
45.2541771015 -12.7626966998 33 viti
-2.2176178078 46.940246063 34 cher
167.8568423851 -21.547604322 35 dzao
-140.0265048962 -8.9505427944 36 herb
-2.8972645611 48.7136161844 37 mare
-2.8972645611 48.7136161844 38 nuku
-149.5444106404 -23.2574996061 39 stqy
8.5390566094 53.82533033 40 stqy2
7.7940714406 54.1042113466 41 tubua
8.2653493577 54.8229627036 42 cuxh
32.7845365012 28.8334446422 43 helg
-1.5975810335 43.4675380028 44 horn
131.4028600169 31.5019508202 45 itea
139.9196921115 40.6640407421 46 LA23
131.9891649701 34.8601801384 47 abur
145.6475819455 43.2995242358 48 fuka
124.1923263191 24.2632835463 49 hmda
135.8410500602 33.4996907984 50 hana
144.3443994478 42.980664329 51 ishig
129.7952666656 32.6588915686 52 kusm
127.6757094658 26.2492974067 53 kush
138.2376317739 34.7110205575 54 naga
138.5183765861 38.4303902079 55 naha
133.3176399924 36.1827824676 56 omae
133.0038086004 32.7060813651 57 sado
141.8092397985 45.4313126868 58 saig
-171.7692070402 -2.7381791961 59 tosa
-96.1535062073 15.6897484517 60 waka
171.4512526882 -41.8366530604 61 kant
16.1932622813 69.4446457479 62 huat
25.4333007328 71.106629466 63 chst
4.9936555772 61.9187780214 64 ande
11.0117730472 64.9867828454 65 honn
7.392559534 57.9910185137 66 malo
31.391525508 70.4365713309 67 rorv
125.8578023571 6.7723141732 68 treg
-176.2146141582 -9.5146173339 69 vard
-17.9045293128 27.7272676454 70 davo
-13.8399390622 28.4553982373 71 dapi
-8.5723556391 43.5909614035 72 hie2
12.0985620042 57.2799966397 73 fue2
11.0934055467 58.9247828903 74 coru
14.4159862046 67.2400102226 75 arko
11.6390982019 57.6276578343 76 fors
12.3418835241 65.6047189444 77 furu
14.626870428 67.4365994735 78 gokr
12.6651323541 56.6970826991 79 holm
12.3360182612 56.1398624598 80 kalit
12.6651323541 56.6970826991 81 karl
11.0934055467 58.9247828903 82 klag
11.66284433 57.8352268782 83 kung
12.6651323541 56.6970826991 84 kungr
12.6651323541 56.6970826991 85 land
11.66284433 57.8352268782 86 olan
12.3418835241 65.6047189444 87 oska
12.6651323541 56.6970826991 88 oxel
12.3360182612 56.1398624598 89 rata
11.283021844 58.3372813766 90 simp
10.4686958619 64.3780564668 91 simr
12.6651323541 56.6970826991 92 smog
39.0966125493 -6.3087503382 93 spik
-175.1943246317 -21.1155227474 94 visb
33.0940190786 28.8649564289 95 zanz
32.7845365012 28.8334446422 96 nkfa
32.7845365012 28.8334446422 97 amas
32.7845365012 28.8334446422 98 anta
-2.0748367493 57.0732436174 99 igne
-5.4491805728 54.5250933349 100 sile
1.3433572779 52.9367102142 101 abed
1.191189558 51.0576540218 102 bang
1.2905246638 51.8426677222 103 crom
-3.117557332 54.0958838277 104 dove
-4.5514171844 53.2306898915 105 harw
-4.2382896148 51.3380223483 106 heys
-5.1402027074 58.5053599608 107 holy2
-2.5655436069 56.0197383647 108 ilfa
-1.148914906 60.222239632 109 kinl
-3.1693564415 53.4201449192 110 leit
1.7566574277 52.5725834291 111 lerw2
-4.7511721283 51.6336939644 112 live
-6.1335468719 55.4306947806 113 lowe
-4.3084392852 51.5422655642 114 mhav
0.0579756065 50.7560407684 115 mill
-5.419819777 50.0791972166 116 mumb
-4.2382896148 51.3380223483 117 nhav
-1.4170327 55.0483830717 118 newl2
-4.17111738 50.323673037 119 npor
-4.8409820591 54.8482592491 120 nshi
-6.7809770037 55.1804571388 121 plym
-1.249442232 50.5419508172 122 porp
0.6349141952 51.5021963635 123 prus
-6.1467279745 58.3271748444 124 ptmt
-0.5038550376 54.429370548 125 shee
-3.0543870347 58.4198291548 126 stor
-3.6005607732 54.5922114492 127 whit
-122.5179608359 37.6816264798 128 wick
-123.7116276197 38.8795195547 129 work
-123.9384087629 46.0189059255 130 alam
-173.9933140664 52.2758460866 131 aren
-74.5412561848 39.286247513 132 asto
-74.9949980004 38.6818649642 133 atka
-68.1981986717 44.2870554799 134 acnj
-76.805062215 34.6740235902 135 bamd
-70.7325869728 42.2363699022 136 bame
-73.0160994685 40.7300749095 137 benc
-64.9773411947 18.3072072466 138 boma
-124.8898036614 48.6594279666 139 bgct
-82.8385357709 28.0440042857 140 amal
-124.2372946481 41.8684834131 141 chrp
153.8350859055 12.0979999478 142 cwfl
172.1401514916 50.1822365979 143 cres
-75.805874959 36.1702004293 144 dkwa
-166.5220759301 54.1089753436 145 datu
-136.5678496783 58.0726663742 146 dpnc
-122.5179608359 37.6816264798 147 dutc
144.6543570451 13.4788259777 148 elak
-155.0684954732 19.7775441732 149 fpnt
-156.5027347737 20.9793228167 150 guam
-155.8580335747 20.0466923227 151 hilo
-81.8746790579 24.645768963 152 kahu
-117.2916474216 32.810807181 153 kawa
-64.7771340483 17.6502919479 154 kwfl
144.7866903965 13.3108732391 155 lajo
-120.6525980506 35.0709918762 156 lime
-160.7513886004 55.1755624807 157 pagb
-135.7650050314 56.9804355294 158 pslu
-124.1554149091 46.9121459109 159 sdpt
-70.883612045 41.4079250118 160 sitk
-139.8793357179 59.5363563098 161 wpwa
79.8375157078 7.0358734783 162 wood
-177.7319456816 -35.9215391103 163 yaku
-130.7309400517 54.2995595108 164 colo
144.1043038474 44.1392379734 165 dnze
-89.8590021522 13.5877799832 166 prin2
-99.8985842473 16.8104323093 167 abas
-176.7042544035 51.9844631894 168 acaj
-176.7042544035 51.9844631894 169 acap2
-1.4271273595 43.7950760365 170 adak
-5.7758702968 36.0668654459 171 adak2
-154.445081669 56.9588230989 172 ajac
-5.7758702968 36.0668654459 173 alac2
3.2856584982 51.3733503887 174 alak2
-151.3094724313 60.4336207092 175 alme
-70.4630957088 -23.7324932143 176 AN15
-84.8569649823 29.7262185589 177 anch2
-91.3874761914 29.3069060534 178 anto2
-66.7121198906 18.4953354254 179 apfl
-1.262660127 44.5672383314 180 apla
-70.3415064697 -18.5031451381 181 aracS
33.0940190786 28.8649564289 182 arca
-4.6215251856 48.004273862 183 aric2
-1.3552051557 44.0741806147 184 arsu
-1.305976359 44.2794307458 185 audi
-1.5975810335 43.4675380028 186 AZ42
115.2579643961 -8.730567911 187 BA05
-3.1581562026 43.3694208941 188 barc
57.7064619717 -20.3953519503 189 beno
-6.4440807161 36.6888700532 190 bil3
6.6842420502 53.6724208563 191 blueb
1.5642022923 50.8407253546 192 bon2
33.0940190786 28.8649564289 193 djve
-4.5777836424 48.2098990566 194 bork
-158.1078069189 21.2743558389 195 darw
-73.7785194072 40.573159605 196 boul
-68.9988897979 12.2501244261 197 bozy
-1.4633465995 43.6542732175 198 bres
-77.0689556962 -12.125338171 199 brpt
-5.7758702968 36.0668654459 200 btny2
-9.2998904074 38.6634049904 201 bull
-75.0361818122 38.4598396714 202 CA02
-1.305976359 44.2794307458 203 call
-1.4633465995 43.6542732175 204 carb
-1.5975810335 43.4675380028 205 casc
142.2745754875 27.0234996959 206 cbmd
105.6267209539 -10.397051505 207 cent
91.7550751568 22.2787583084 208 CETR
151.8314498187 7.4257558424 209 CF06
-1.305976359 44.2794307458 210 chij
109.0589422837 -7.8331056396 211 chrs
-74.7258419507 38.9035229106 212 chtt
96.9820969394 -12.1308370094 213 chuu
76.2319639019 9.9029607522 214 CI20
-3.9187121288 47.8375908561 215 cili
-145.4284320491 60.3504656149 216 cmnj
-93.3817560163 29.7423342612 217 cocb
-1.4633465995 43.6542732175 218 coch
-1.4633465995 43.6542732175 219 conc
-67.1907025337 44.5111191853 220 cord
-17.5277914088 14.6767496018 221 cpla
-169.479373884 49.6485768768 222 CR08
158.2886472619 6.9736059633 223 CT03
7.088196425 53.5295473537 224 cwme
4.693457763 52.9152836477 225 dakar
1.1939812261 49.9879795055 226 dchu
1.1939812261 49.9879795055 227 deke
-148.3259411259 55.2486276706 228 delf
-129.5881189269 48.8169463278 229 denh
-156.9698510381 52.6234948111 230 diep
2.3130297021 51.0638258827 231 diep2
-109.394403059 -27.218740462 232 dkod
-78.9346250314 9.625676616 233 dsea
-67.0006756679 44.7667587923 234 dshu
33.0940190786 28.8649564289 235 dunk
121.7969798449 -33.9237278142 236 east2
3.1544271811 51.9854758746 237 elpo
-65.6146008419 18.2861263852 238 epme
-81.424475568 30.6012922485 239 erdem
147.0641949181 -19.2294265822 240 espe
-1.305976359 44.2794307458 241 euro
-81.9960274385 26.4616170058 242 faja
179.2544797193 -8.5646776199 243 fbfl
-38.3965011196 -3.8031057875 244 ferg
-80.9020063593 31.9346058049 245 figu
-166.219550003 23.8109128928 246 fmfl
-61.0725524379 14.5722695195 247 fong
-1.3552051557 44.0741806147 248 fort
-134.9391959326 -23.0048729776 249 fpga
-2.1288148257 43.3095705303 250 fren
73.1168746861 -0.7374591302 251 ftfr
72.479132454 -7.3007779495 252 GA37
-1.1587749656 45.5095265319 253 gamb
-1.4633465995 43.6542732175 254 gand
-5.7758702968 36.0668654459 255 ganm
-5.6777060505 43.5624573516 256 garc
-89.9008925143 29.1771264578 257 GE25
32.7845365012 28.8334446422 258 GI20
-94.7922221959 29.2740088931 259 gibr3
141.0157283112 41.9186012739 260 gij2
73.2097918729 6.8289723952 261 gila
5.4694317139 53.2546598619 262 gokc
115.6789634586 -31.7076978534 263 gptx
-138.9298840303 -9.7052113908 264 hako
4.040873565 51.8448099561 265 hani
-1.3177012417 45.8889676784 266 harl
32.7845365012 28.8334446422 267 hill
-1.262660127 44.5672383314 268 hiva
168.4789932691 -43.9883781339 269 hoek
-2.0232722125 49.2914819163 270 iaix
-169.5984290717 16.8139842498 271 iera
-78.784274476 -33.7506877267 272 IT45
32.7845365012 28.8334446422 273 jack
154.8195081094 0.9396786719 274 jers
66.9115087956 24.8136298793 275 john
32.7845365012 28.8334446422 276 juan
70.1297766377 -49.4080982421 277 kala
70.1297766377 -49.4080982421 278 kapi
8.6797376424 54.4202163494 279 kara
-152.2880024097 57.6686389763 280 kata
167.7556913576 8.6386545564 281 kerg
-1.1801299016 45.3175623716 282 kerg2
-80.8610487924 -2.1768024313 283 kiel
-64.7280575251 18.2987627814 284 kodi2
40.974942405 -2.3134441738 285 kwaj
-1.5571577848 46.2020604924 286 LA38
-4.9034436488 48.3097659442 287 lali
-2.9741722322 47.3429919787 288 lame2
124.1752665113 13.0855088001 289 lamu
0.07466078 49.5692673515 290 larp
116.0388071486 -8.7048741876 291 leco
-1.6714568579 46.4228210871 292 lecy
177.4566628544 -17.5790697417 293 lega
-1.262660127 44.5672383314 294 leha
-66.9944368478 17.9436101285 295 lemba
37.9031909111 -46.9354635139 296 leso
-5.7758702968 36.0668654459 297 levu
134.4734265742 7.2618386977 298 LI11
73.4609721714 4.1365056537 299 magi
120.6023439339 14.2475130603 300 mais
-1.305976359 44.2794307458 301 mal3
171.3976082016 7.1714975468 302 mala
-72.0925418156 -17.0328105277 303 Male2
-67.2027805763 18.1135278684 304 mani
-1.305976359 44.2794307458 305 mars
-1.4633465995 43.6542732175 306 marsh
32.7845365012 28.8334446422 307 mata
139.83669777 35.00773656 308 maya
-177.3243268372 28.2628884473 309 MC41
153.8512379728 24.2308758554 310 ME13
-104.3354701784 19.0813598621 311 ment
-67.9202084577 18.0993728327 312 mera
-1.262660127 44.5672383314 313 midx
-71.8832326977 41.1220061358 314 mins
-5.7758702968 36.0668654459 315 mnza
32.7845365012 28.8334446422 316 mona2
-1.3552051557 44.0741806147 317 monc
-61.0979025665 56.5857628729 318 mony
166.8322909643 -0.5526935827 319 motr
-159.3089868197 22.0581341787 320 mrms
-165.0927669047 64.4287313409 321 NA23
-51.7284293392 64.1068927306 322 nain
166.3776689264 -22.2280165888 323 nauu
141.6534372688 38.9600775882 324 nawi
-1.262660127 44.5672383314 325 nome
8.3166493448 53.6331329851 326 nuk1
-0.1891558304 49.3061731284 327 numb2
-1.4633465995 43.6542732175 328 ofun
-134.728919429 56.1927612264 329 OR24
-134.728919429 56.1927612264 330 OT15
-170.5958175346 -14.329358071 331 ouis
-1.5975810335 43.4675380028 332 PA07
-22.9272372197 16.8415658227 333 paak
-149.646025526 -17.6028015977 334 paak2
-25.7127711749 37.7198066165 335 pago
-1.4633465995 43.6542732175 336 palm
32.7845365012 28.8334446422 337 palm1
-157.913936816 -8.9799214541 338 pape2
-1.4633465995 43.6542732175 339 pdas
-57.5051645206 -37.9052219378 340 PE09
-162.1489871388 5.9325547515 341 peir
-73.1724242767 -41.8497404787 342 penr
-87.3019676695 30.3160479666 343 PL14
-1.4271273595 43.7950760365 344 plat2
141.7873855296 -38.282065975 345 plmy
-1.1587749656 45.5095265319 346 pmon2
-61.812871908 12.0213724143 347 pnfl
-148.3567397669 70.3212676857 348 PO40
-89.5151113405 28.8480888789 349 porl
-1.4633465995 43.6542732175 350 port
92.7816379846 11.697228945 351 pric
-1.4633465995 43.6542732175 352 prud
-70.0941010352 43.7318256909 353 psla
-70.7623726748 19.8535711429 354 PT17
-1.4633465995 43.6542732175 355 ptbl
-45.9672797581 60.5910349477 356 ptln
114.1837951233 22.2155160765 357 ptme
-84.1385638103 9.3593993013 358 ptpl
3.2856584982 51.3733503887 359 ptve
-159.8193429705 -21.29043709 360 qaqo
-1.4633465995 43.6542732175 361 quar
-3.860296754 48.7075575109 362 quepo
-61.4103917018 15.2760010639 363 RA10
-1.3552051557 44.0741806147 364 raro
95.4335930175 5.8150188759 365 RC09
-2.1288148257 43.3095705303 366 rosc
-2.473398886 47.0724227883 367 rose
145.8068042143 15.2601485774 368 SA16
54.0279483283 16.9588067669 369 saba
-38.4080793701 -12.9911076933 370 sagu
-3.8709924885 43.4950281482 371 sain
-81.6542716284 12.6017518392 372 saip
-80.1083661038 -26.1901519628 373 sala
-66.18317708 18.4907711662 374 salv
-1.4633465995 43.6542732175 375 san2
-1.5975810335 43.4675380028 376 sana
-1.3552051557 44.0741806147 377 sanf3
-149.2398311876 59.7825612413 378 sanj
12.3418835241 65.6047189444 379 SC43
8.3166493448 53.6331329851 380 scoa
-1.4271273595 43.7950760365 381 sete
160.0503780959 -9.3954430804 382 sewa
8.3166493448 53.6331329851 383 skagk
-5.621600163 -15.9158803755 384 sobr
11.220540637 58.698132395 385 sole
-1.8336180669 48.6330085046 386 solo
120.1642528705 14.6503730517 387 stari
39.7108602954 -68.9654163037 388 sthl2
32.7845365012 28.8334446422 389 sthm
-81.2991472408 -4.5574692459 390 stma
172.8361936362 1.3325335328 391 subi
-1.305976359 44.2794307458 392 syow
-1.5975810335 43.4675380028 393 syro
33.0940190786 28.8649564289 394 tala
5.412372071 53.4463005317 395 tara
-1.8015077773 4.8562427228 396 tara1
-1.305976359 44.2794307458 397 tarr
137.348729385 36.8996030017 398 tasu
8.3166493448 53.6331329851 399 ters
-3.3431509576 47.6697365307 400 tkdi
-146.4348828541 60.2883327155 401 toul
-2.1288148257 43.3095705303 402 toya
-71.577039759 -32.9961091859 403 TR22
168.2542337531 -17.7159610038 404 tudy
4.040873565 51.8448099561 405 vald2
-64.0909744066 -65.1737900821 406 vale
8.3166493448 53.6331329851 407 valp2
-65.5370407073 18.1060624152 408 vanu
-8.9735721048 42.4297108108 409 VE19
83.2939853164 17.6497788737 410 vern
166.6225646013 19.2752268343 411 VI12
11.3565311652 55.7847411629 412 vieq
174.8293932062 -41.3634530807 413 vil2
-89.1508261125 30.3263013013 414 vish
-157.452205194 2.0061935684 415 wake
-65.7772555291 18.0676812947 416 warn
174.8293932062 -41.3634530807 417 wlgt
-89.1508261125 30.3263013013 418 wlms
-157.452205194 2.0061935684 419 xmas
-65.7772555291 18.0676812947 420 yabu
